$ANSIBLE_VAULT;1.1;AES256
30633333373332333062633363623265313538373236653065376163663831393636393662333561
3238646334643565613537383862636464653236343861650a366133633666363064303131343034
35373237323130613434646165393036313234326233633036363838383661303635383839306233
6564343337636534390a656638343166666363343362663430323161386137313136353339316264
63333735356132643461356632376632656339626132323130636433313139363538343334613465
34303731386637626266643364616566656665326664633965396433323466336536646634326233
64393762633739653030313333353063656138613665613865323263643732663635663763343139
62363861316236663535356433326561643039613930383065343462386231316262643337353435
31366138363435613965663833646265623562373337316534623739636466633536353238303032
65623439656637313861626139626632636365613266363163633839343162303335626532623738
32313035306335623965376162363264303563353335353939653537353432623839333336376435
35363531326231396334336338393766623035623039623061616436313139343232616636346234
66363039653133303566613039343461373965366430326435626362333439633366653165393566
64333166326538623239376336356562616361353431353036613338316536626338633137613431
35623933646564626534333630386435636536326636386238316464343961386138643834303237
61303030646432663136353038316561653133613866363664303332636336326261376239366236
30346439393062306262316461306438366232636664633232643663656437306163346138386566
65373764323532336634366261393230653337383763333562666338613435383536343334656231
38666662636432343464336333323566616139353539633334323634363066356161363863613932
34616664633335633166633234323864373639613938313965363465353066383731633664306135
63356630636661333138393665393637633538336438636435366461356561613566323832333762
30393231366636373037373964643131626231343032643036356331316631363136353236306338
63373664366335663938653335313636323463333734306139326632316438376130346630356362
38313936316462663663323535346230356539643062373465326566643434653837336166623430
33303165363665356138346165346132623063373330386235393661303432313934323935326561
61326166366430613031376461366634333239346131643538396466376633316539306164616163
66616563623833386137653138376130383330373334303336663137663333373233306132396533
66633537633538613264613632383064613232323338326565303230656632303434346131643930
33396439636437633963383132643463666230633233663266623533313161313039616330353561
30383566326136363638326566393261323561323830616566643630363136656330393439366164
39643863396164306332646635636163353465663366646662343466376661646235336136323261
37343363666533313161346437333066653533623262353164633166323433346331616238346637
38393865323966623536633138383436663538623933303365386531626634613962626262643838
31643665663334663133623732386162646232643635626135336538326361623264363664663466
37653333663362653035626666373834336239343266313034633439663237626664303234663163
30396565653633313164343937633431306236376530643963313431383061306165623339346634
34316430636566326235363965383132323038653365653831343462363231326464656130613563
3939333761623739633934323236343132623239333537363136
