$ANSIBLE_VAULT;1.1;AES256
39613239393337666465383732646564613262656539663838616562356561333435653761653562
3161323137343737343762623561653335333863306461310a353130346438313533386634333465
65343437323139313035663236656239373566643065633633363435613231396165356432663230
3161323831333065370a663965373564363631613335356539396237396462346363663930316535
32643062656361303463373063656539323961353235346539636561386261303063353164323834
62313237383133323533396138623732316136623366303564306562626231313937393635376331
62636465626661366533623839363837343162303030373737663065373830336630343563653238
65336331353163626664363066343766396537366533656630653732393337616661636564316434
64363263663564613635313837346263326565666136636135623163393762663937373561333366
31663137656161393862326535643534383433376636636537623033373038653265343363376632
61383238386364396163633066366436326361633361373439663132393132663139333463366230
39303931313031353266306533343933333331373264646564363065633166323231333536356237
39623961366634393637633330663134383636386463653137376237333330336634376232386230
62326338363864383832373362336336333861663363353531616230663231316363303736363139
38613039633761623734336164373336306365646438623431376565303439363330333736616437
61383666373235636261306235333961346464656134333631346463666632306366326664653133
63663663376438376438353933633663393938333461363064333061363762393233636534663662
65653666313561356331653537306265303135663764386535363762353636613839373636383330
33623363386562626532323462646434343434623734313565633431353564333630366666663562
37346339333864613166333233323430633262613862643037663138356361626535313136326338
62316132626434373462646163373236326562333533356437626436393138613030653737376165
31366465653462383864393831316536396638666631366663623530393432303139356563343030
61663165316439613262636132343764633438663162393737373861333364613062373761323232
35323032616237353862346639666334303936643535386463366639396266376133646235316335
61663632626162356564343434666233306436643132646466656565613435633662
