$ANSIBLE_VAULT;1.1;AES256
36316639363639386636393335396235666134613162363234323030613936616539623438646635
6130663433646665613739333130326362633930336339320a346536383830396432656362633362
32323864646438336466393431336361306335343636646464636235343435353534646430643733
3365653765656266390a313732336438333735656465373139303037623733633236333165663031
63626162623062613963633939363633356337333435366635666435373364356262333731646137
33383565363566346462373631373861613736626332653462343335396433366630643736306536
65373062323665316237346265656639396461643630336266396630396363626531616432356231
66353930393861636463636565653735386264373662633863653935353138633238643836643434
31656562353731386637633864653637643963373465333436373830636464393339633236653361
30613339333366376237663561626333333764616138303335363634343839306161336461363638
38633131323435613931633965356437623162643535393662653962646638613061633931363634
39643563323938333733666332376666353563623864303836343732333136666333363532303235
32323439343033313839643563383061663331386230646539643765363366383932333165666136
31623265336134393637666663363533323265613838366130343663646563313233303334633535
65346165363637333865653830653661303466646236313063626636396135633533333463333231
65616337383366623334616539306638363839356137623364323661306232316163313036613534
32666663663862643264646435363465613935376139383463663434323438333134386630336636
64396338633236646332343164633935636136353462623437633135383765663734303735373237
31396465663066633363616232396166376564383763366362363362613164376237663461376561
32663639633631636461626635316332633937643161363165633836643864613030343138353661
38336532393139313534313532343265613462356565343265666534343133333238333536313261
32386134653030633763636130636664663335643837343732323230356131303935633539646233
34616137316135373335666439323537383565656234346261653362663136623462333836646236
66363366613863323036353130383035306138333739343932623831386566316264333931383732
66663161636632313837656432356466313664623862313234396161613630303531343233306637
30303061313762396465316137626235353963323130376531613836326539623665333236343538
32636336383932323037346365343139613532613235326265383566616134373931376464663439
30646334343734383563666431306531326334396430653265623239613132343430383263356537
34396264373836623434376661623762383265326330303963353538333232633561363338623437
34656339373964373531653565636366633831366638363663303232336266643536333661643333
32626565363861376537616135333564656436643633636566333031643738356138633837653465
64353635333132386539656636303935353861613631393562333661383263616261306332626337
31633432303434323538633866316337333363663931653831656536646232663733316239306137
31616339396331383966376634656663363966643738313064373730366265643239323730376361
62353239306135376437373163346638326266393732623264646331313363383638616631306232
37656466326335613563646339356333393063336363343339353764346330636134393532303835
35663037653935646563653661333837353939366264663536336538626238613533333331343833
66633430366138653536326536653162313337323030353261633235646236323134383431653736
36343739616239326530386638663131336131613063623734386238656138306136373262343239
63643034623735636561623939373531323535663462663430616430633230376636636434633761
38313530363230663466663534646338623861306263313433303937326238303339616531333133
64613233396662303265343839616434643066626665336133343266653434323036323834336634
33386462303962363436393337643637633737613734326435623563643539333239333766343966
63323936653831333437613836373164636464626139303434623435313138623833333665306462
61356265343563366238646464386264353536663038346631363036653563313139663166616466
35656134346562373130316131343733346234343138656332363735616535303562373037396633
62346562663230363336306336643430386462303464396465353866663965393463343961633937
64346432656432396261613535346136353936333333376438646464333338663162613738653965
31313834653461343766323037356565386231376535393133633230633264353764643462396262
37353365666237343338383930643430373365633562663665333261653531343566346239386364
38346164623033396365626632646632356337643334353338306661333239613861336334646366
64666233636264353462396365366332393761653435366637623833316463306465323533656666
62616231353265393133376262623164663062366632396333376566343632343038643435313462
65333039303437306436383664613463633933393065303430343331653431323832656363363765
66313431613066613432323864656634313833653637653830383461363035363637333637363636
63646339373633616230376266646333383930653963393062313431613034616437333439346263
35376365336436633534323637666662663162663338306230393833323764666439343661363334
37313861363539646161346562373935643934653830363635646564376464316432613363666630
38633031313934636163396637343033313139623762313365633933633661623433653066383766
62633563633665363135336437326461616533396535326530396435643663336334353130646636
38663061306131326261313364323931323061656235373030623264303039333038666665383963
62316363346462306134303031643634343764346334323163396338346139613937336238383730
39646265323030633238646537376561663062376530353338363638626334386461333632366536
33666462643234383838393261383634303031313633626638396437626338616530356565366561
37613032653061653832663734333562643137333734373161366234623634396532313666636631
38643765343634663636323961346334396365353365356564623331333430346632653439383436
66363537333934396438663737373039313638346632613035346239633265613236633930623139
66363835383932613230613839623136383964353433626664336439333538396538366563383338
34306561613031383935613839366232396133653135316366323035666233333166343834373235
63313737323532616436646634306437646264363332623534353630643164313535386438333032
66643633616539643662363935346632316362663063633230303036373533313265353839373663
39646663643865316139613930643434646165633165643461616363353535663036323535376337
63386537313635363363366366366165363831363034616437383032366533396533373864376138
63666237663631346539363937323536616137653538396238666639373032653932316365346232
34313466623631656631356236656461303832626434663832663964303934333331623436326531
36626462306433656437366461333633643138373830326339313133393431653663346630393331
64633966326137393131613264313065636264326336636665363864613236353762343939623961
32613365653836656665643766363663663330623535366433353030303539653365336535633566
32303133643839393736306633396135343564366331393062303339376437303034633466356136
37616561366664323639613665636237303233303864666663613865393364333663333931633262
38353231613538373961366562383835636263383633663666653034326138613934373738363532
37316166303635336664343430333833333165613261353561313136333764616232306232383633
31393731626237353538333837363334333366633563643065646136623937386161646362396239
35323836396434623333613034306630336537626434313463383131316330373536323531363466
34383431313830363063633636333838333361383136343530666432386133343561363633663964
30356365323439623638316134346333663166396361376565653963356461323364323335336436
36626333393661353331636663663663376463393238333666646339303438346537386163386635
38656439626132656633343166383639376637613362653135653230623630396431333936333536
63383961336134636661326135653161336437643439643731383663623666356236636430336536
38333166656236353837623930616530363532356462623464393037396663383534616435346561
65613166346135336263326338353961393137393166643239323636366237663462616431313866
62343433386431616264356536346365633666633535356439613433373864393863326263656262
64306238313463363435326163663433306166653766623131616532396166616530666464303439
36306137393337383038363165663336313638666638383638653064306437383362623435353839
31313939633830393937396434383531393364393935313062383231373432306634643936386436
61623863393230363565643936646163663234393164303365646264623030653335323038363566
64653234343961353835613362336336663236323737653138326265666563343062653430636436
66303030643733303565633865666136333739666264343139636334383736333062353063643637
34383532666463653136323731353131353561653537623435616532643565656632356464323435
63623032343939313631323963366436623833323262393939323031666232376438306464333738
38616532646631336331336166613634663764343966373234636364623731346562313266633963
35653963323735323637303030303566326233363265613334656239303263343231616261326463
65383662336665323434613462383336626566343737643139326532313330643434323938346561
30646163363963656233633331616364393962343564353831313531323836303931653962646138
61653565306334646363373362333134636631383734363161363739313937623966666663343565
34366162303662643432613938636361643063333666316435376237376466376663643964333738
37343731653035613066653134656364656435333365316634313262386132353438666633333130
36306166366133383436323736303965343631613932333864353331633530386435396435653733
62623066623633353130333330333761373431633832333836386332613535343139666133373536
61303930323230663864363164393434323765303362343961313166373566323231303539373761
38643932386365643866326663376564356363636131623633663561633033666231363737393266
62306136373263303337373333373766666230326565363739383235663236666230336262623530
38363437303834346136643332333461316530333063313132653461623336613630326665623036
62313836666561636632613262646334343065616234643331366134636161333931333065623035
66363762386536316663646231333535393161663462333063333666623336623466316134616234
65663862346535373663313835666537623663633163666361626364323364303632396564656363
34303131303531323036656263306434303866323730343331323430363363316164383464636431
63663636643861366538306366643638393764633033346531343532333839613039656464633762
30663637323237313661376134343263353233353339386262653761643235333038306637363338
31633861633436316430646234663537653433313830666565636266616463356531333262383632
33333266346231343664666232373065646165653934326332316263336132323730623261386639
32663934353835323833323861353338366234316366393138373363313939623633386531343132
33663236353634323063323564666565333263383663383538613063353737396333653236316166
30636465656436643635336561663435326433623433633262653566633034633033623030613564
34313266393531306435386534316561326261646361653064396665333864623335313731626663
66653234623262393139656365363633646232353339353666616164633664643362613230363835
34313132643737643666383564373435353934616161643964346565646634633734636235663666
32656439313863653138633763613635346237303461396333373534363435623536666261306334
61373633323532636436623437316462373563316261313836393130323834653961623436333766
61343561363266343961356334626566396566376461636666633763653861353539316539353533
39646661663930373531613737326262336532353861343862663061366238346662633866356131
64636239613963653432656235333536656431383966646538633537376133326461323064636565
62346163333731303037653034383633336435663062373631393161623434643530363166383532
34383238393238623835333163313664383737393761633662666132356466626338613463626265
37356663353537313464386435646635353032613364386562326632386564303335656137393539
64333237356632306263353133306235616230313339636232393533353763393034323064306637
64613438613839663463336562633833306631666265356463616138316339356164386633363262
33363036303837353137366133613230386439383830656264613466343131626366633032643437
63313336643965373335313066613239653331646334336564636261373035316464323261383636
63623137366532336563613334396666633064643466386437303261643032613733323866316339
31313537613362306666363465613438336437643066616364306263323865313335383265633365
61343165393064326531666663653439663736303234393866353863333930383135356262643034
35663136313033373539643830623465633861333235616462363335633731323865323566663332
38333232353536343961336336353663353962333065343066666335393739666165303138316263
33303839383236626466323539343363613761346162333631356339616462653135653666306436
65373430663737633438613337326237633733346361333134303261306561343361353831323761
34333138666130363665656536623465356162623562383666366637303333326265393236663636
32333730346539323930373362306365353566326339663230343865653130653339393264393834
35373434303532373331376539306132323636626138346161396161353032393563616462343236
61373262636561613065326536316430363238663435326466373133373832626132663636376537
35303833363537316132633431663866306134336335303238346166623235366262383637333935
32663362303633653232643536616235653939623135623365346530653463363737363937663132
33633639633830656235633233313565333138363830623861663731333761653936373130333264
34643565323165313662623637666437646464373738383530663336386561393737343166303134
32386233366164346337656361346166646233636432396166313031343833346231626235643539
61616662666666646463636331333037323064356139616539393965306637656234626337366661
66353531316363633463393333303535666339633963383430336430393738373838386636613530
32653334353231373433373137656461343330613966373334306164343165663832313630663132
34316661323432383631366138336466623431373033313964363363333537353338633433363834
61386163613237396237366239633965623632336431336439323265353462316164366234626261
62623032666331666439336234623866383264393238393766336631383264636438663166343961
61373731313263353633373863636366316366333064396661303064363833323163616161373430
36383639623563663839386430326436643366346532363566616631343162393933373165633830
37346531346332376337333561383031636435633636356334623636663236633537356638363633
35636365326138356162346166636261366438343038346430346335383963353231303466636237
62633832343965383861646663396130646531346437663135363837306232323734613763393738
61316639656138393333643631333763306533396566303161653833363534623261643530636263
38623062626565616264343738383465363661346565633265346335323266653830393337353030
35323531383834383435386430663836623338333836396165333761326136643935633438326561
32313530306539666537303564613639636161343039653932653063386466333561383361333132
65353237316461316238366434393766333239633262643032376634306636343732316163653066
64353230396462393661376334356135386632393830653636363531313237343764306361366561
65333063656132376663353833636433316535386362626133663332346663346138653039363764
38303863663766396635636531383965643965393131373038643761383634316539663137666664
39643663313635666239393833633431643562306337376538643462623865613435656137326361
66633361366539396131346536356261633631363839663030663333316263383834306461303065
62646336663531653536656538383739353837656439653937643939363632356239356131343637
62323961396163616532373135326238643363383236373462343136343561363338633765333334
30333264373530616639333431363533363666333230326363343664393533336137363164356265
34633661333037643830326261383835376262383266653336303134626433626439613264316463
33613366646138663862333639346665626630363337313438366436323736373864376663333565
63376530326663376262353630666534643830326231623634353464636436396437343832616563
62346633386165613633393236313031363139656433356636623730326334343562656438623939
63653932626635666139643432616331363663666538643561353231353565636665623065313664
65353132373533626365613561623138643632376238626432623539306639376138373039653331
35373963303539346631363333643338353130643831353837333939616133323763333437306635
34356664393464333865343531663566373132376438336461383038663834663733303664336264
38326365316131663362656339633332653265313365653736646533633663646436323630326131
64316363396663643466373633373231643632383733623461356534626662616632643538393530
34633131316135316331643939316633613566313065646635633638663562356532613937366330
38653066313034383332366333306437353565343861646363666232363063653465363434653462
65386563663332383636656537373133653966623834393365383232393661633433636230353032
33623435353839356166323665613935313839373732386466656663633362333632643436393039
65366433326666316462323262333661363861363139353839376238333937616465663137656237
61356136346361336136643639346634613365643336386230303634386433323333626364356463
34313064346634343261613563623332393562386230656462663832613530386632313533333036
30663034326434376666353335666236336638613931636535363666383732353735313637623966
63393166626437656335633662363261363938326231366332376530613264386266356232396332
66653435363930353061663662613736336662303034396366333261363933353365636663313835
66306538633231306239313932373361303139313333633232343438666635303137363966653836
66656634353635626639303464663630376531306266336639396132323134656566333365323632
61376333336634656465656364666532386235633864613862373834346665393437336662336137
35303135366439613137383237376463383765323435396635306438623537323633313463613030
32303232353034663865613233343334326138353831626531366462316164663766363331666238
33623063336431653738373638376439636566346438306430643635353431656134333630303438
66323137313262393164313739656236303138316632623435336634336330376263346637613439
33366165366464363162353565333264303831623231373363623036353735363135303431336438
62366133396364376531303338396466333836306132656236616266626231353030623834386262
31313265353534663065623362386130306662373532333336363665313938623262663862326534
33363839373066623339633939313361343233313234383763616564373265376664643866363139
61653333343531323230396664376632343031656238346538613766323230306230636537326631
30363837343262353733363036616537343933336335613939613165653162643934626136396130
35343539346330643837336438653062316364366233656438393337363934353064346532303532
62363030643039656366363637373734393862316331376638373563313465316134303063396164
37363066386435316636333934373232616164653436646532653465303963353562326566616566
63643230623365653564663966393166386432326531346538656634613237653237346534326237
66666665356335623332316666333636363964623766303330636632666331353636623137366635
32663939346465626163653464663330326265366434346236346131646433323462393230656266
34333039623935396631333437343562646230393736356538323239306134653262613964356631
64356664326430343437323333353661363063353037346562316437383435616631356435383339
61373730323037303838393239613531633838616632343963343333356534323732646430613061
32613537363739386362633035623862386231353834313964336230636434376538376564366333
62363234303136353138336533393535323335616131366365303361656632616132333934303863
36303933666332616266613431313664363532373363653637393432363762376263383335633437
31333130363331633637313162643639666135363262623635626438613236393733386563636532
31393135393162343039393331373461346163356638353537353033383562613938383830356264
30383938613964663830366231363163353663643561633331343264636330663231316531613765
34666463653433386533646135376439633330333634633465646637363661363339316230623664
31626333393035343038613435303032393962383762663462396366353632633637316336333232
66333666353161653835623561373965343237336264353033663836383030616430393361663364
38643838663565396437386433373339363438376435636562666530386661646230613662326132
35396361326461633461643438333931653864653534383333393438626562313939346333656130
33653166313535633762613330333534616332373563336161626135376564393266323863363465
64313632336263373265303235333261623962366130666162646238646661663833666139306536
33656131366365636463613862313432373566316433393765646633663164326132366537393239
36393338666562306631363535626436326566633833643863383538636338396466306235363730
37343637623135396366623036313664396533616434306330393362343633623166386231613932
31656235663934336139636332323866623963613565653733643830633732316232643633323264
63376163623036333630623563343465613963643065646437396133393865633965633263343531
35303738633062616637323533346635653461356239653730373366343863663737353661373730
39313435663134343132333961373635363731626561363564616635343939636661646366396131
38376364373138653233396231376464336637306461623331323339336362316134663766363336
34363537396137343535623832616666633530376136383062343932316464376663356536633365
66356565343166323937363061326365633564646137383032383431336662343630373537306433
35316538656464623234616264666530393239363833613532386132353761633463333234373339
64336238326366656662336163633539356265663366663937616663646334336563313137316434
37366165626465383261393533363132396363616565666664623235636638636136663930653662
35366466313235396666386330616338333430653764333832336439313532376138373739353432
63656266363036643335303337336365353263363436653334653062313963626263613233366636
32303337643436613763336139626236666337396138383837396261663130366161353031623330
38343364616137303761653965643231386364633235346461396536343832306363613737393832
31626632636637376138633265313839616336313262303933363161663265333231623035643064
65363637643166633036303636343433313037646266616333616566316364363031396439356339
63633739356130613932616134393436633738343237666536323964663632346636633466373864
65663734353434623435353438386163343764393432393836383964366362353333353366393231
38386530656336353534396665633434356165633264623464643833393634376566383264383934
64313263616164373937393737343337666162616235666236613230343466376364316336373965
38343630663631653232636237643335633832633637366539643661353233303036383762323065
39336162353437383932306430303665663063396330336337636364343735393137323462393930
64386664356265353135613265663639326663663461396131366565663164356134393363363037
39653537316136306439303565383662303730346337653731636531346632636463326265656361
37386562376261353139353535363930303332366665353530326662366330316364303239343935
32326365366665396630306465643039366561623432326161613331316365623630353463656239
36343464623765323265663231643732376161633634646136623266396234383962333664326332
30356330633437666162653561656433616261613165366332646165326238633935313032326139
32643362626133316364616431396232613031666632333663343934376632353661613234346166
38646161376434396365306262666333623334313633366333373763656138303361396435653832
66643734333831633937306232626633636364663330623334383237636332623461363639383362
31613039623462396366323333643136653562636237333034376435616337623762353139303735
31363064333132666165626138623136656334333266666231353064333830373630313762666562
37633438323836356635353336313733623739383965356633626336616434306562383932323331
32383033393766373032303762353838613335356237303262636535393132643862356232303036
34383432613236363662343361373739393361346365303339356430346138656664383466666539
39316430323231663565663262366564653937363338646266633831383333333563343038376263
39616130383032636536386531343738363032336130363636343264353435343336653561346133
36623331373064656261623931363237383939616631616533316265363435323835623037623763
37313835363738366464663531333366323538383666336438366661653930396164663563653961
66626532643235656131653038333263643761613166346232316164343632346231303764636331
64333735373864643334663062653039613066373730623863393865323135663233356533383461
62616332336262643565353762613135363031313362643331383662663536393332653631316537
61343539616262633036393033333831363761656239346666363737393966363266626161356538
31343437396133366161343861666437346262333461353038653863666463356337643265306561
33363238323339336362393566316130393866656538343363636663346636663536643130613632
31663739343838336330316366393231613133376435376363396633306331613432306433333532
32663832346138653637366465623732666265643461393866656638666163656132623462636365
38653866616336383135336464643937653839383336613262663565613661306236326563613239
64336665363535386365313134306665353361636161363665623438356261326535343736633532
30333965643439626431613732616439306463353965336434356162633261353437633334646630
64666134616565396563353734333134353636353362396565646233643135376239333933313036
64633461396465393537383465653934336461353534326630333636333765333463313363393539
35346537353063336439363561633238343564356330663864366661376537393539323034363637
62316463363634653532313731666266663661663666616530666364323836303263383935376234
61396230343131386461383662313331316364303735313965363836323036626238346566343937
38363637316163383164333061343034633637383761373830616662306637366136636132376530
37373434303337366537373838643838346536663138383166316437646631356435383331333035
30396663383133656133666530356339376330613131643838336633646664346166383137363830
30323832303839383538626162336431636461356238613561323237363439333063313161666164
37613130363537386236623837353032373831363435666537383665363335613162626135303363
31663266333235643530333637663832656163623964666535306335353762393333616131346235
63393862336132653765643731623438333131646238346330626537663831636137343865303966
63373033366366366431366339383136313039303231643331663430363234643539613566376236
66646166613665393733333933353764333637356162663363626536323438363436393362633838
61623462383865326530353064663331656362663731643232656330653363303361396436646561
30633333383731303738336163353836653061633830336536663638656330396366356664633032
30366466626231663134363365663762343961333864366432346635623430336236373038636361
61323039363235336134333830336561383230383665396661353930343830623063346439313063
62383134663939313533616332363433643231656438313961343762373364336135376136653766
37656535633237306135623739663465323239393834383033636132316635353264643665346631
30316535653064396635333638613131626237623035383465336130383365393265623435633436
62323461626338303530383965333363343731616435366339376165363965646536323233633537
35336435326566326536636433333833623236346464396666353831626537326261623965663261
30343736616137323438616432353133313635313064383037623233313365623666386663633461
31626463396661636161353038313966326438373535646463653663383033383138656466643166
31386164306333333665653864376338633134656265326234303931626164663463633835363733
63613337323136393564306234353539383334336532303061353638383961396333653662343439
35646362383235663866356464613839326438386330623861613263353637313866383439313031
37363132386630656436656134306332316333636564373862393339663038616464643763396162
32636365613932623834313562613566616361303538663032363138326238333031653131666432
35363031656239316366633739353736613662303362336162643737313136363739313632613838
65326261613034353961326364393761343032396561303861323638303138393234643264623038
66346138323437373736646433626466353132353964336130653332633237373565366333303431
32353639353038346335333566303961346436306530383036613630616634393262383466633065
63663264393361363966643531336466353138333765383632636536366362353035663536663664
38626638656539383838336237363737383838353232373965383234353131313364383864613533
63616166373136303534646434653137656564623061306564313333616333316361653737353166
62353032376639353739373031363039656235306330643565663932393663323161373334643665
39656130656534643833656134386339386263613234326439626363356562626337356464616261
63353662633534373038353634633930383630336231626134386437643566666535376263643862
64653564386661343365323031363634333461386234343332343264623039666636393730366563
65396364313337316533633761656231383861623363336233656236626539633266626464373466
65623532376438616335326236383931633033353766633130373131656232633264616434313663
37336564326238333230356561376635653763663934343836613633633230353737653462633936
62336539636363343930656634306562653930333430636364646331316338326635396261363063
63616462336135646264366466356438636238313035343737376464626263396333636232373834
38356238333533366637656430383339626439316234666431303335353730343566323735636239
33633132623066343365636261373739633639316666653532373461626662373861613262626334
37323034333465326635386462663765633939383237663331346335653437383335333964326164
66663263386633346266353061636562613364316162623430623034666535633966346566323661
64333766623538376265323737613165313331613037623361353938643738343436623530383663
34313938346264343463616261373766303961653462663862643264623062626637373631396466
34346632643330656433393661313361323431333633373534636337636662356330663266333637
35356638626461636534623834383761356236363331353865396332366565376531633738313639
33353539623764326663353461663764366463396163656262306661306335613861373432633265
64353562656134616664353263356262323139373466663062396131643832316233336430646130
66653462303763666234353034633936363761623830363238646532333766633331323036366362
36613862326331373138616262666363303164613136316534363065363432306433313564363263
30396562613863653630646164346335326537303364306336663232613565663236316666366135
61653164646231623936663330336432333066643638616666626232613130323766353533633334
31303130363634383562626637306133653465616330613130343861656166303065653031626133
65336465353235653164313161333233323934366338393162656636383138343734376135616462
66663733646331323137633563303961323966633838323232326238633838366161376364666563
64613837396432343439616561343166326436353234373365386138386535323130373162643636
30333963353438336635363435353834393561333537373433303937636437663765386361386531
30393364623636323937373933323564316161303231363939343830366434376132626237323338
30393262323233646166363637383338653638666536323031623532376565333235633665353561
38336162353861333334346633336139313437633338313032306435316431373865326538333531
64343734643133643364343532303166376236386335383261313161646264663836393732376131
34646634643235376264303831316464393264633765333630663838306534366136666233643165
61613063636666386238306337393138303265363962633462666236343133346566653639373339
64623334646566373832376163623538626264646464363263343562626235626338383733613131
61643934373431616565303263313438623564633632326235306136656335336165393933353064
39646265646535663462663737643566666339623465663261313663333264666632653939396638
63303138313032663334396233666431373461336230613565353630373766643365653632663831
39373937326636363532616236333063363732623564656664616638333437636131623939343932
38326137353162336538646362303663373636666365663762326239383837623433366430333238
39656538623734623639393933353732326462366636383130613532383434666262666537373832
38666530356635303730306164323063316336386464643162643632633063646239333031326564
66636363633461386438396332323931623530633931613361363036623862356136393063373666
39616538346461643666656135616635646437383033323063656562343230373963646666363862
32396533316363616564316230376662303965343739633162326233666563323563313533613437
36313335363134623436383763626361313864653236303464643865303064306466316265623732
61356639363034383531316265343166326365393439396338333636383730323864633931616365
62303537363064303631373837313262366539643139343132343339303130343534623130653237
36646264373837653936356164633262373361633766303638663566663937363562356533613637
38336534376666613065383136326466333438646365363861613235626335613231353232633561
38356562646639393436663863373931663537663233303832626530663565363839393634393764
61343663616437653065373331636433393438626264326333653738663938356136323032326333
64653232313631666562666231653332663038316134343237326439326366373666383433333166
62663733613864326365373030386633363633313935323565336239346639383334343766663761
61346264343532333231626162396162613463316337343866373761323962363432373364373434
63663731656561323361326530656532323865333736363931653430663666353236333463323264
34343966333362613633396438303432343966303836353933353434393139346664636235646333
33363038323132356463343366396633303630643134363162363564613032666138303934346437
30623664333930396366333136303563313261363165646138343435343432323135323131363963
39616466353236313138353734313166663532643232313739626262346265346662313836626637
61613035633836633834613934303032626239376533363538363061623435663336643332376537
37653533323032376361333234653438633139396336616662303763633732613238366439343362
63353666383565643837386239326231333363316161616236613039636637373234333362353639
32336536346434353761323963363361373862323264343838363266366139376130336635613661
35363463373665653230336165326632346335356264323536343031313733666363336163663738
65616338376665356135646630663734393165323839656131393933316636353636613239343835
31643062653463396261323936356637623066356262396437633534646662313664633735623564
61626533613732626532363064663138646166353937303530626137333931393031316230323064
33656563353937316136336633353938323461393664313763393465313166376533663862323931
39313265363333376333626539656666663731643265643437333634653066613163636234396139
34653763363936343039323665376461343239343564393036373038316235653462383636376335
38633938336266363336316437323131323237386231343165323138633738663262376333376666
32383364356163346536366431363164363038626334363164383532663339343439616566333636
61313162623565346363393237323733303133626634396461373233316539323835376632356633
34313938613761306433363632623337343332316666653164626535643536343466643131346630
31633038376538306135356138396663333039383133336363646165616630306333663131383461
36336439343363636362366361333763376463616639663834393931643534613836633330373733
37316238666234376236623231343938376539353861326137323034393532643032633562636666
38386331393565343138633832636533323963613164303036303633353066353966633464306634
33343236323436356664323037303864646132653061633766653061663234616564373962346562
66306163303039623839643834363731353462313834636135643033613231306465643662303566
35356436303533346635383431323631633738316261313263383835613534666564326236356437
33373436663337353934646237316363636665303661633837323236333437383139346636633634
33303962363837303436306230643732393538653861393435626339643162636430623962326134
34356435636637396435316365323764373333376166306130396561663332383033663930643538
33366666663965626666353165386234323862323663656232633032313330323830366361333730
35333231303963366437656633373539323231323637323034356630653165613261616231356262
63373131653362333337633464643533343233636334333831366331613961373036316138346538
66663762386332376538353333373634383735313362613931653734666134656334366433653161
36633962343533303266633261626536346432303263666137643436383732333633333162323934
61373539336336613533363130396139643662646435313838393431363066636164626438656461
66326535663362373938346633313561373233323738653062623062633964656632336162623464
32646332663766326132333137623964343734663562656130376263623934613362653232326337
33616163613664626561333130626535373430376236626365633032666161303939613639613334
66636135663336303130633464373735613130326234653563636563646461656539616239303665
32386164636463386233393763383832366466636662303337636535616465666132306335663730
33333463356535386537613936343065393435326431376664356139613165376561336234663765
65656462663737613666333263356237666439383234323037666361616636346538656333663635
65303636316135626266366562323531636235633864383636646638366165306137313731363637
31383936363938303963316664613166613232323161623135386461626634663735633263323139
33666264373138653832346337623235646531346636393663313432613139336439303365616630
62336631643866613633616463303863363531653737366339373766613430623962323039376239
35373435633532646431386462623863646561306439653636316463616239346634323534353363
36626166313661363862316437353236323035363466373364656334636330353265303531313839
61626337323737306564613166353566376361636436653031323735656362393337356338663365
63663965383332363266643961626461616132386134366134613530666138303337303734396539
31306665303034656339623664616563656536643930336365633961396264323561326537633139
38383861353661623438613030393634613464623534336533646666633430656663646666623864
30336163643033643063373932663563663065323331336131633031636638643233613231313766
30323163323330363032386432303539333335343633613232626565633831373639303532303033
30303531373564353034313230626230343637613736383431316534633261653465356336636231
63623131656637336631353832333934326430666665643237623232396434303761636538643432
63376534313239633337383566643033313134336464316232636161323634613065333562326236
61346435616238616338336132373930326336336230636339646331386564376635633638623662
65633333393361383036633166373836346435316537653937336538643762376330373837386433
30646337306363333263623739303137363435396434346231373734313539623439633062353163
63383735633662333937336666336562303766353865343039313265653937616335396332323863
63656434306664646232336135323035343034613237626131323861643162633733626431653434
36326162363661326539366531326335383765613438323038633761336463656536613638326137
38306332646231363031356664333565636636376638303236333035393530376338653631353632
63303631373837386162616436386332326536363834313265313665616462616234376664626362
31653630653036383233636637366266373765333136666439643939393563333332636365656638
64326233653138366363653263373334646137666532333066383663643731386334633934633433
30373834633161393734356266323031306334633162346261616331383739313762303338303161
66626162333665343363613836643364323163363833343265313666306639366661666264353964
61333935636163303536653137633836386436326362626564653631333036393238613563356232
61613530613233336463666366353865316631303765313964346166656264396466613039363761
63306430653530386535363334343864623065646132333264386634366237646261393164633265
65356536626637393031616230383266366630353339316435623332663934353731306535363232
31653562636135386161636136323332376265663338643637636131333539356233653764636231
63633835656131343132393461383739343037313835356634323662363562306361393066373637
33616563333061663065313034633664373034623438613637386461346536633261316162616331
36633064353337366464613662616138613339363262656336313037393130366432336231623334
31613863346636623434663539353436633531346539626264303435346331646262323837643035
62656564383835313262343230346436326464393034393037303666643935356435363365396361
63626539316433383232336133363132633762396531663839366530353566316638653138373236
38636533363538613733346463393132613134613738616165613965613038326339656133666630
30363366613230336166376632383162656434616166363533636433386431333035386561613562
66643332636234393331373835613830663935303536333966613432303639346635323434613162
38653936386535303365636435353166376161353363653730613738333264616233636139356662
35663538353366643332626132313139336566616437366135313135313261646135626563323366
31363430343933343231643237333138356632396530356565613462623835396633383733353634
36623134313137373537356230636639613431393362363165613330633036306334333261643035
37623939363066626131663236383836383866346439613338343237323664383331663831373331
32623463633731343365656533373538373934366238336333393939323062633131333362306330
62306630363266353330303231656238616334643666336332383039396631303635343135613237
34333463313265626631353462303838366566353735636466323561636436343435323262323235
63353130633365613964663739316232373833363937363636666634626337393864376332303236
62383061643763373130663036613865366438363061356262616263323931313135393239663631
62643232316161623637633039373365386161346535356133356437333466663965303533623864
33356533376339613434353461376663353761636161393039353930386336396236326561363239
38646365376530666462343263363964613634373065616332663132313737663133313732356266
63313161623736336363633766356364653037346234653361666135653534343931656634666462
37333831326636643736336165326461343061656238333032343938346365303361613831316330
39336337656461343335623535333761616238636665383537356165666635613366353836623932
39353061366463393130303363306335323630313637616432353833633665636137306632336566
64356533353165666130613364303933356663383838623638653238623737393932303264646438
38623437386362376231643335623838393066653535616635363837613365306335323131333232
34623533646266336339366134623162303138353932386631333932646137393931653061303762
36386661623066343434353637616533373431623066333064663665383563666465316238613562
31613037623061636361326635386137386630333465613031656433656431336261303661313265
34343565383030386539393036643865646330303862356533316162343838336635386439363835
34653863666434646365613136393362363230383238353563333135386164643832393931346664
64663136643636653664653065363337646331656361306266643730613030373437396263376364
37643337643639326239623963646139326533643532326531656339643735393765663063396361
32633533646138306261356638306364623737646266656136643233316330653464656132323836
35616437626564613462633235333737313633343133306335383165383635636164326265336563
65633635333964383766326162313931643934386432346439396331313236343830306166646632
61313665656336613438336464326434633463616532653238356530663464343765626530326434
32373962393032333765366563626535303163613834373366616265363964303230346632353864
37323234323832356430306665313837336430386433343136653639663439376438366162326664
30323563313633323934326361386135373733383934636461333533663036623131613564386131
36653466326263653266326661323161623364343537343639363037306165663930336634346366
30376537393934323933646635303537623530656133306632343266643837393330306162346366
61613336643337393032646334353036353831336636363831346666646563383339666236616331
33333834396437636566383661613764383838306238663636363634396131316233326437666130
64386430303731366132643736333636343138396531346461386236373537653465346539313637
33623032373733393139643266636436386135346664363161636435623036663030333561663633
33326566663562376632316438323539313966663134303963376634616330356266306239653430
37383965663137363134633834313634643339326464656139396630353166393530386263656230
65623963396566663839633661373235346131306266343339653838373438303438303030376361
37613630363964306366336136303363623264323566323862623231396665343564343833656438
35653030336337393337343563313138343032616130356432353866613665386131313334636438
39303764653534343730376366373661303363306461386166636639343565363566656435366432
62643239313661386133336232383138616334363132623062313131376232626635386563643161
31343166333966613332653232323464383831306338643464643261666532326464346138373730
37643635353832383031653562343035393366333161666565363865666463303564303036663539
32386438303066313562613038616139663235323062396435386436626336633865313433633132
66643933653835383466333439646431363634373861636263313830613833656163393063373961
32313234303734323761383238626565313430353231366230623534643965633635333265643233
61373664623563376161363162376138316534653538366133383965303063313632343763366231
30316438356131623136643464626537666133313432633738663333383032313964303234653262
39353230396636616233306162353039303639656538643233326362623364356338383266636165
65303265393834346630303337623764356334303764386637636436336438343265616166326336
62393434373734336664386532636130306134306232643032323463653039346334346233616230
36623164366261333639336662366262373536646633326366366433633061323839656438363262
36646630323233323036333564326562316562396232326331393435336639353933316232613732
64613065333766366438303034336231316539363465393737333233663831636635643336653466
39336430633431333537313734623439346530333462343637613835626563353238613161353562
32343332346363303864363635653539666337343733313365306536633462353064633336316339
36333736393836643536383036303331623330343139353964643431373239623431616331323732
33313666363866366264373761353063313232386230316663396661623030383030313932343763
33626239366338316233383936363836303536383234323665663365383066653437316266303865
31366238636565333436623165393535336334303533393734643335386330313730623231306235
35366635336562613539356636343438643535323338303666633966333736366663303439343335
38383938396166656261366333383761343433396636616665306234316163323131383864346562
62656561363162303135666230656335393130373662663364393837393063373936363064303465
39396661336664633366623365316465323638303036363361393730373339383934363765393634
66393462626638333832663533626135633264653437626464643666326538366235303765333463
36333063313130653237326336373565613431336331353834333032303564393966666630333264
32656238666534633632666639306166636236393038633837306361643839316362626339346165
37333634393333633863333532343233363965356237613335383536316637313139316437396131
35306161616562393866633832386263623063353063343930386263316561636134303132333732
37343732643733376465323337623563383531303339636262626565666131333139646631333263
33653831623632343230613834633837313264623339343733323866383262323137643834336466
62306230666534306235653731303961373765353661613563383035346662623761383365663762
65366363353837316464303661373764646635306565666438636566346365353232303933346234
35393338313263393437663631326231373233643036386632363965383132636435326332303933
63643561636163623636313238613535616435346235326165326432346531396634636330656263
35613265623038386137646630303034363265383861386566373539393631653531336435373563
32633563646634646633663037363932363037666637633766626334353932643035646537323336
31316233323865333039346530656565373962663331353965323661383263396362636131386536
38613438346235373662353238353531663138333737643137663736666165623365393865646530
31653266646561643965376366643134393433613939333639626565383165613866653937653131
39303932613837636537373237613666323331643262333663366265393038643937363636623861
36373734643762626438333161623365663634373437396532643462626264343739636135633865
33646637343430366638316266313934656462376138363862656561326130633431346562646361
39633036366466303031353565613763356462303861343734653534343033336538333931386139
34353030346634643730646365653837616634653530613163616637636331663163386438613566
32356165313764363165303231643130646437656263663230316434353864643433373464353565
34656265383636363037393035653734653463643431326538666439343561356233393861663736
66386231626635366564653333343862323563313930383966313739333862373866656438373639
36393136356335623733643930363731336130663061386233363939326563383265663665653462
65353364336562356565333134633335373563323062386338613039303237366265613834386135
39396239636336613330633566636330363036303435626261366331386134653662633564353931
66636631656630336462623463383363363461393264353431346334363031656233333733323562
36353533393235363135333062656564663930613634623634363565333766633438626433623430
33373663323738653862633138386134393033353736646439303062393939386630356433363862
37653534643162326236363732313733623135396135363564343432656266353065393266373532
61663862616462396665363165323461663533613034353230643932333737333762386462363863
33613533636262663661306436363366306533303638643436666362653130353963636337663463
66613834373638636633346435623339326133616536623739396236376232343736643161313434
30306261396539376466363337396664636266623765333430343364376162363837353430666138
36323530373933393538653531316633633965633063353430343636343661363636636133333034
35356337323330383032343431616361313138613735336539646334316531353231346165373639
62326165643033366331316666333865396263613765633035313761646332336638316639666433
39373766343735356538393637656438646564393838393635316363626432393234343162376338
30623663353036313761633837653735396535643236396236346638343537636230356135616335
64666130623961616661653231383930343137313935623532356534326235626337353166393465
61623331633933623232623638646330306464356437646231626563633035306436366435633134
66613635353537366566623261623065643231653361306235656666653930383237643763393532
32626434663831633233666630303135366230613639613466643536343764643634656136366261
34306633303632326332626238346565303934623138623630313434356637343330303836323564
61323365356332623835343864343539663839396334643239643232336665346664393133363636
66313563643530636161643537626431373339646361326536373935386430623630613534323566
38316230373535656136386331666231393432376562373134313161646434613630633732356164
64366137313261633231623137323563656139343137383234353864336362376263336361663038
30643836346431363665363537313161336163363435626638336536393439383462613937663535
61306265323262663962663730353832613861626332313939383332303139396663353663633336
34316433336230333566326132306462356332346564333261383333366331313737333563363937
32653831643965353365373437343530306439656336636536643963363965666236663963333466
62653530613433613933363336656665636333633830383364343861373133353638376337303866
64323436376533393464393664616564633135363966323363623131356363663031666361323965
63643830613265636135363666306264653236396563646464643661356133623231333535343535
32386334373736356437306664623236363833363965616637316335656337303866326435343964
64656536643036326330656263383032373037353135326362303566383239623533336131653238
33323931343934373563356135336361396432323065376264313464306530363334393430646162
30313530343262366238633837643861626462373937633437316433323637623234636537616531
64653939346332613334326463616663623730333736313731306536616662303230336164616435
66653538353833313065663530633630663763396266336437313636633761373065346635346432
35396237366436373832333034613431333636383037646562373930363963633063356230373362
38623462323065646134353235313433636537386464343930653337633861643765333231653738
61313332383361313836633136663163666165343261333466313330663630313564323132633766
30653361306637383236653830373131643633363362333835363439326331306133386632356239
30383739616532613337653565666534356533633734383932383233326164386263336565353463
39346133353264666338633066613137623366336334326439306639663837313739303832383732
65326630383130353638623565383237353465353332366237643563343761333335326530653233
30316237393066636530363630643736313166326565643865386637626261383837356439363432
39346536633963623661366466383339303866373561363365343462316130383635626561656466
64303266653035306333636439623531386439613531633635353139623833346562303132656431
64333862303266326233356631633436303161393330643533363336323232653933373738623962
61303565643963623636393966326661666433636161373236636334633037643364643533363234
65613961373631316661643261363539653663616261323861666332613764306633393734616437
36363464373265643162363132303235393638366536313839366132386430353532383032653232
65396663396635643332653962646439626238306234343563376665636533313665646261353530
61363466623133653235396239376132616636653866663836343461396237303432383861633430
66383666376633313839623936616634306139633035663939356336313666633038613063396431
35333764666437663366663437633930623062666563336262313132366237306463333532356638
35303439373833393636336433373265646332346333323631343836666534653164366439363561
31373935396462383839363866356164653063356532303030663135616266323834303462373034
62653537373331613766646430633432366338303032626164306532666663663731353662656336
33626464623536306435313630666163346633393436626266343639353061653031653636316230
31653765326236666663383335383037316534313931626463626633333633643065396361343739
34393738346237666332333734633431343965646530346139366164663730303032383034346631
34343732656438306139333039353639616330346365323361663563656138613438393263646630
31303166313231653131633638383862303539323630666566306263343438646461306432366132
34383433643439393934346533613630323933666331393631653362613938373065363161313866
30396131353666386234376338313039356239306338646662393764326136303363643863363730
65363434323632626163396363323264386562303232396138303965656530343564383230346133
66323534346332333962666364636539323962613331323838666334313034656131356638333636
62616637633362323965383566663664646333653532663163613734646132326531663039383230
62666530383031343932353266356433306630663033333033376632366666346361376534633161
66326535613831613639393634373862376361343936633464363330306263623065613766346661
36393362646365353239613736613336366461363935363065326561626462646665663966336537
39633036323361373137386465373131323631633738666432356136666438326163663866623365
37396637336561323763383334343163326466613739333362643165353264336633353463316166
65333130663566336637343564393363393662346334626661653032396535343536323036633965
31303039356439636465653738623536613338613334623837633230323733663733646338336561
61323433353932626130353739326435313836353436373232363062363233623833613330643330
32313566383533653731323761663761313838356638653466393362383163363538363631623034
33643238353361653633663866356630656463393038623932613336346632623732333332643032
34643138393536613431326434663961353163646538643039613862323733333732643232386666
39373039323432656239663239313935376634396138386564326437613263383639313861633238
65666137643166626464306563646238633466383138383565623932386331623035633438326264
36316163646366323039366433363664613962366337306665393235316239636363303536656635
66366435306164333036626234393766323939303231656366376536393538653639306130633531
38323261646137616335383466383731323436326563636537666132323431343961353862366137
62316265356436313961623639356466623630393337373633323562343336363933313637663938
36383564623563363435346433363736373634646430326437336536633163653538646130346438
64326335633035383039623138356664303431623637663634383937383637326561343965356331
61363865623830303364663666653735396466353264323437313731653034306538346534363361
30633732666333626533393963616235663031393466633965313739323136363835303866663936
66333033666638303366636561356636663764366338346236333237306330613165353664353434
61626132326438383561653861366334633764623464656636393935653334616439363961646434
64653234623264646233306234383865336235326164373435353135333737383132643364656231
36376138346237373131383831636466396165626337343137383362373663333761613836626535
66343430366331623638386135363530626261383063613637636436633738353362333763316365
33366131663633646439633363363165386465373038353136643836666465643761313830656361
31636530393864323937613064613130626132343434396538343664303761393531356662383565
65653362366166613866373565313661643061383632363165303538316466623636343763623063
65346230323331613934383531303030623338623234376239373838353963623537316162303638
37643666343934333265666666373834666364383564663638383362336665663538343032383030
31353433323832616638316330343632623138396533666432313162646536623234613863653930
63646433343539343137363865343832376531336537643934373866326165323362323365633232
39663635613566393434623262313633323762646638353531383933376330613965306534343538
39623162373232356536323834383830396164323034353561303065366632373366613831613730
63613564303466356139383430353366316531393736316533306364643737663363313039643566
63393462643764666464363331383030306231356339346634393731366465396639616531333931
61653830333030663738333930656133666335376562623139376639323339356539393565303964
65396364616233623832613964666265376661646539646262643036393061323263306337303233
62326235333735393434323565616239306630666164613463383633333633383463633064376630
37396261666437323836633437356266653735393161356562383839373733303435663033623637
39373264383237303836646633663564326131323937636331333964346239396263383831653464
32333266306331386164386433306533313263353633633534383531346366306138386334373034
63386537353062316130613635316466323361333134303066333863633737616238346234366664
66373462373430326435363562613936346139333264663566373036663430326465363933346139
63396130373237663961373335383365616563373133383363633631336630373933626266393965
32653130373662323539613362346462653364336537656263653533343832616266383232613838
61613935633333336235613638306131396239643535666439316166653431343537306635306131
61313234343839656437636239383932363766326535623832383439383633313838306131336630
65353936626333383565323831346430656366353865363636633032303163663665396231663631
63336237373836626264363362653761633062363363316139323231623535613030396334623039
61316164383534623033383036353464656361373336376566633730653737383537616665623962
63373430383733653263363733663163393936626561643066333435386436616239616136366133
35396139313264663163336532653033633639303761353463393439383033633439313139396662
35366463386337386432656432316230326438383266323830326131383030636139633331326338
33363866613461643832363766336631363034336363356135316138613337663633626365376561
37656361636535653562623835313535393738613136643139343737666535633564313437666562
33636163303338383831326430383064336161343632343265333832626434633933323863663733
34316434353830313965396137343130643938613931313166643136613762616666353431343431
65323338386666616439633939313366623532643532626663653639646234356362356531316131
63383633653663373633343234373162326262643139653232633334353062373635666565353638
37363365646566353163356531623533656166313961323132633861396266636238653662363534
65653362316433333133626165633763616237633030356138613664633664393030623764323338
37383263353235626632343461363332383035346335346331373639643039313065623134613862
66313763376166633737333139356135666334323036633862393661313239313532646233653734
65383936626562663833653536363665616366373561363634303365616431353666666466313035
33393232373366343064616636336462313030633862336639633039323233333632333937386436
33353034386465316535376263313032646262393362653931316365353833373433306463636537
613063663965333636353463323434633433
