$ANSIBLE_VAULT;1.1;AES256
31623130656134336635636634313866383963383635366230636535613730386233383039336363
3537303565396532626536663830333566326439386130370a633237393436346262336164653761
37353932336234366334346131353434383635663536306564616537653835343062356664386536
3132336331353863640a316237613364353739363530356662353865386134343261616139616238
35636531353435393639363666663831386438376538373930363535363536643737393336363533
62333030616438313732303839613035366233363162383838313035353563663138663465366135
66303735356665336232646435653464613633643631343465613436663763313234613162333961
34336564336137353831633232623164626161656130373239643239663065656433393239356563
36303833383533366664306438646166323131383731663733303466383665353934326531643666
31636236383939666535656634613731633238323834383664363066303163623365633936373965
64613935373765383632383032346432386531626266336663373537356133666236393333323666
66376536393537306362643461333662643234343132623937653064303463383436663134616234
39623366383033353163363836326535346437393530313062636338333137363462376135333033
39623030376434373931653063656339316461633065396465306434633530316565356563383930
62376332346664346364313539383736646466613736653436393831393630346139393635623265
63623938366238656464613465633532323066653763356361326662633537316233363136376434
61313535356438353835633931343135353065663963366264363866303338393164373135366432
66653331666338353665626437393333326366303066306637616539376266623730336539353364
38313636333336643961316335386633326662333134663063386336326630616331393736303439
62393831636439316565373264343536336231626332306432303030376630663739626561656336
39343235616464313237363763616634303263336234383135343961323865333237313063653164
61616138376437643364383433333436323331643935363962316232353239326630323637626337
38626232373330346530643832396439363333643432386331363437633164356430386636653235
63326631623433666166663130393139366232386134383035633435663134633334306635323265
32666539373437313236653466333565343365383835366163393733613761373066613663316239
62376236663333333734303264316330366562363866333064343439313437326463316466343137
38346537643931643631666632666462366537373231653937353063613966623764633566353530
66646139343931393533366331666436633564393436316431316465336265633430383064323837
39663065393562323335613865333831636565363561376166396139643262336562316462393233
32666530626238623334353931373666323561383961633666333932653331386630643534383562
61633433643339333034376336616437613062646337366664393330623937613434313939653336
35666332383531386638306365656661616632373066323562323533663962663164396466356536
65343130383136623661623837343061346239363331623234376565666632393330313734623461
66363930653732393039613764623034643662333333656661396264666133623866396166396664
34396265306330636564366530373835613938323863663662393663666166343932666433616461
65623537306166643933323065633530613938643231373262343863376530653932643535646236
38386331313433636663353166306563363364363036356630666162313137306234363763653537
35326638666633663262383736303165343636303366313634376630333361353737623534316435
62646261373030343130656666636431396135633137633863383532336233663466666564313234
61323033386632613436333338666135303332373261623730373937353663643063626138633830
39633735613761626430633033376134393431646530613964336233313535613464383732656639
64353031656531333862343663363264366337356539646135666231646263396234333466366366
32326566346238643766626233323933636564393261623633303839653031636638653066323761
37646631303836323366323238613633633338613134393966346636343632336333666165646232
38336330623363393965333364643636356138313639326337663334356261633062346439306336
30316237623463356566353135396235373439353962643764393364303032393833333165333963
30646532326464383936303039336439626534363266643432633632626462656262316433653063
39373463663862623866326534366464643566663161633364633762346339343338326136666538
31626539376237613038653531326531356264336135643634663931386638303761336436386632
65613361383532376331373938323065343135636466336432336630396533656135663531653035
31386632336139373930326661396337303831346437636361336133653934373535316136343361
36626231373631633334306161306432323665643631633062303330643030623061353639303261
31636665363239623433623961343937303932373738353365663033376262353537376166383362
64343366353731666162376263343531313930656562646263346232363538303938616562653866
65356438623838616563626665316461396531366162346239323034656631373462633330643930
33336139363561373636623634393339336635666533663533323939366631343530626237393332
36323037333432633665613431316635306163323839376635653935643166626136383461326664
64613563653861653133356235323837613639306464333539613066393462346163663232346562
33346130326636326639353732353934333666333864383566333133306665336361396565356265
34633561356162666136313230383863376239373631343964336134656337656666306164653637
66666164633131396237356435316438653730613164363535663339396464376331623632313064
32333134313730383364663466633633396365663135646561333836383565376463646462643138
30663763646331383639623639356362366562363964326431386237666436343532326639396639
64613933346339633532383132663162356435373839353366396334613763323437623833613630
64396433383965616265323839383639323366356437653438646337343464376137653661396165
39356137636132373665666562376433306136633965633862613835333031643262653463353337
37313566656231333931663534376235623237303138623864383033363564316138303665313464
32616236366631643364646638393537323334626563356533346163666166366539313632376664
65313931393138386236323638643537343830383632323535653561343861353231646461646466
39633633306230353735353835636264646338366138616137326166346338663062373830663639
62313262613735626263653130383930613631386132616465386534616639626234366338333730
63383538373532343239623161383633326464343030393066316363653234616534663465396331
65643761353166363662336532346661643062383837376431356362656536373766306638313738
61363137313964356265363464396138353433373966346533353731383032386134653565333538
32376664386131626263313632656166333930366164646363303733316165386137303734323630
31613636346363373534363234323837363438636161633765393931363131363939396431653164
38326137303533666665643336626163653936623861646635626636336336373862353661383066
66613031313131666265363365353061316333306435373739663535663435646165646261383733
35353032393366386333343631663337636461363934646438643536356163306334626636303163
33326539393135646665666632396337326339383864303265313633333938363366363334643639
38333065323836616563353434643864393433396638646530343362363838383062313632343032
31353034346265323663366533656330626635626366323336343230326234366235646563343864
37323732656562376662656535336238343562366333656533303866303363336237323234383837
30303234623766326337383663666436656265353465336139313962326634363137653065383530
65616237306337616630623465313335643666303966353132636631353361656163373137396636
61613133306535326139383263366666636464396232666639633966633165343039663339353034
38356166336661633938633064656234316630636361356231363236656634353436353838316135
62653230633032393562326362633436646539343665383934353439303033656335623735613539
39323233373963386234373762613362643162326164366366373866643838353131636262313734
37636463623938373664613532326662663030626165396638376166626433393666383764336234
30393131343030393363396430646532396437363934623839653432333933343931336239396164
63343035386135626365326337333832323639346630646361633336373133333734303338333330
37363430643836333838303938386364616361323863303730613733646436386332653161366532
38656563333638343136373430646266333635333734316531386237333130343563376561396235
32353437643138313137373235313532666561343564393030663532613730383138373535353935
37353332306335366438343864643939613762393062663234303537636635306439656361366332
39303862663139626530663563363436323131353939336134393536356365663762636365313536
65313666636332313838386334383738383530393836623030646434306436353063616161313537
35306132663935613633363432306666393263396237396362623233666135643063326238653934
38643235373562373637316530656439336539366537306464323636373938363538333339363365
61366536643363356430336331633863623561646431306466346236623636363165386362663330
33396362306631656238653261393538666139336233376333306363396637623930313434306362
62373130363839663464666131633061353566353337613462666235636237336630306263656539
63393132366533623865653838383432643863353932313233346439363761393664326561396665
62393863393266383661653235363066363761386231393230376631343733353738303636316530
61366664663834656362323562633238643833386338616262616665323330643436363136653133
38323164363739363336333963623239386165646539303661663062613937626238306634643761
33343632653965646539306533393038666430383331633263313638613330343737316137323134
63613862643362383532306236303861326532323339616236343530646537656165333366353232
30386161393732343661343666646266303865353538383837656237373736383161306531373865
34623639333363623363343838623862333465376331353537643365613161613066343036393666
66326266373430363433636231376338346465333036386635613932373333633064636562616230
39376538373234366563626661666566613130376338386161313666663539323534333137303634
62643563353266323234333165313633323465326662616537633732656338333730656339616533
32653434323632666433346535363231303932363966613735396465333762303032306164373139
39386435323131616239
