$ANSIBLE_VAULT;1.1;AES256
62306133333563353532653966643634336436323533336465386630626566666462373233373431
3138343563663236613739323637363736346437333831610a613165623931306638343232616636
31336239303038663039613339633837346466323239396638646363363532613032333335333336
6431613339393936330a313764356261323566386162626531353634373330353637356132356435
32393964656265633430323132623466373435386236656335303639333161653532316433616138
30316531326564393865613130373832396234363166613862393863316137353638656638643939
32373038383762613131613936613239663733666561636331646465363832366562346463663436
32333766653062323033623564646261656130633733306632333739353138363836323730306436
38373062323435616365393662323866653634323065656430373033353365353136303734633865
66643737303538633562393039356630363436373535646562373535636463336533623531656335
33653761343930393236333438613133333232366137373631656164326463336330653238373331
32653939643637636562306238346337666464646563363232333462633866656235306133656239
39646434643430306330376366623138383333656134383330336230613164656163616637333165
32363731326137616632393464643030363832393666383733643463376638623031353837333865
65666666373862366364633234396630383366663465393535356662386432666539626537633233
39323631656665356163353333316334373066626461653731366365366562333339623633613138
61623633373931643636303866643763613430326530636463396365323062613632323362373663
31633665376439623934333333363362353532383731386431393339666532326361333061323864
66373932393134393366313662666137353936376133316437383130313661396462663661663835
33376263333735623637343330303837663630633636356333643539383361396632386633623332
31393238616435386366396463643938646266343835363337303638663166636464343131383032
30373031383330626439393462323862633261623333653730376338633535353665383261383761
61383734393534616331616431626630656166626463363262313534363430616333333564323638
63326635633665616462386165663534653239386437646661616166346261306263626537643363
66623837393162383031663530393066333861653539383334646362643962343233336133336530
32363135313039666336363739383061363663303833623164656262646461656164643263633739
63303362646339616436316237313866646639386233393563656438343664663136616134623232
61353965313032363432386637616461636164316437613430653361643862336466396632356535
31656234623133333565393738303138343563343431663836373331313464353863306363623931
65313131633838333134663365613361373063376331363735646332623861326361636338613035
38646565393438663665366635636166393933333366306130616139363831626234316633343161
66323166363662343062623734626631346663343931316134666261663334623537623339383539
37643433386637613132303530613063313332633536333035653532613465663338653763336337
37376633613532613261653063626465386139373434666632333665653566636262366536653364
31353464663138653039633433323366643135636434666536346336346661613731386562623231
64353338323730663664313433356331313665373332623531636662626163376537386166306236
30306531366637626361633064323965663334356662356234316261643333636161663261653563
62653364313862396636303163353363313535616261666530323761306433386336643466396432
63323165643832313665393832653735656135386362633232383134313930326533656163353966
66333935336434656236636266343161393133623265303963346365333434393833343937393631
31646130623532386539653234383035396266643134636262646564393437613231313437396662
36383361303635336262366330393166343664366633393838363161316364336230313137643634
32666165616361396430636562633236396131383866323933313238356238643862326163313035
30643134656362323563303864663030353362663061356439616239333536663134306233383436
62326436363861326466656430363837386363326239323838636536383635326538303936376234
63653739306637656664613731323639326264353439663965373832333565653737613863356130
61646663666264363566323639623531643532346632626133643362663637633331616634393431
62626232306635303434623361653937303539313961666632643633303635356133636566356139
32396132363963366365623434616436346530303034623564643437356134306530326637383266
30646437363139303265313162646365623531623138383838343037326533656437366135616136
63383564666631333431663439396365646636626437363665323064666165393034643333633164
34633161393939623863343231336335663930363937663235616163396136326238303463393263
62373835396534326532336636386637343664636364383037343630656332353137666639393337
39303637306637303231386436313837366562356434366337393963386337386332323666333463
61363734643634653366313437363466396232323065336435616239393865393562326266663563
31333464613966313166653332333330356139376630646333656563323931363166323364653266
66376464346166343662363763643564366134613939386462323139323637356439353433366365
62333462376130623563373961653465666131333965356464636335383630663531323065353135
64353930613864323864393932326439643966613664643462386634656236643764656165656434
61346666343934303039336630633065613833323337356237353930363031373861373037333037
62666639323762383233363966353364663361323364336537356535393233373232643230653966
32306434333234336336393236643262616337323939373761663662643531353835393939323366
39303439303736303039303034376538376330303463646564303039643131313037646261343735
61653135313663313163373862396162353462363637363731633630656132373062353631623837
32386530363132313864346235633838363363383837636130363534373236323666633434623838
34393964356634373032333533376162393264363061363136633962353731613066616335386332
35666266326332313664656165333935383363376538643839623133626639333463376539323061
66393537306132633530303838663334336266663066373536633264316135616535616230386564
39653332613231613135633733366230366262343432303134393336653064373863386135393166
39613032666530653762393237373164626635343231613930393837623866646433343365353039
31393238626265383939356532396261333435636131636262633937366339313334343336376537
32356633333039643761303064356231643738313332383565303433656631386238303766303439
39646462316338333466393835306432393938303533303239343135356162633662376334303534
33316233346364633738326362316239353938663934353437663838383031363230353531646331
61393564303330343433616232343431303164646438343365623765306335613763633732393039
37363337306164616231326433306134373539636465353633343735356431333035613937393437
38646562333562663162373735636533386332656262353032353530373061636464646535353139
63386666313466343731663737346534353335636539376263353765316463323531323533623330
62363962386165363066303761303331366565373438356266346336336465376333633438353764
39303361316131353738396535323339643831643332336662623436353730363232373836323532
34336664663333356332626334363438613338323839363562656233323534303830663065343232
31383763373638343438383063633830303730636363636239373436336263343666386132343132
65663433303631336630326538643365653034346634313437303533333538303537396435376235
37666661393866336336333639393932346361383539636431646232363661366333316130383438
64323732303932366536653365343134316463373866373132336238333139393232376466316438
31613738303230633762306336653033636163306531363535663564393938613066383630393533
30343532386661363438316132336330626431623864623765306633643366303733646661613137
38366561373232666137373630333366346533623532373339646637316130333365376332383431
34313533393965383435306436656266663735613833326132336331646534306666653830646164
36613036333563353930336238326534366162346633396562316234336563303036313533323139
61386535396633336264333336326638396430346262636666616537336639393236633764393132
37336338393137303937633532343561313532386335366537386333616539653164303532626538
30393533326564306632373266383264313165306631333434646365633565333861323266333234
33663637303032656666393935393462653565393231623138623938363332623837656231663633
64313637323232343235343664666438353739633663306333656665323766613162633033653138
39363234306633343732373834323766393865643636383461353534323537663831363032343139
36636431653630623839383263346263633861326530626563383437366539643136623632393634
66663364363865663730376638656536373933323532656632636163353738363565656435333739
34323062383166373639313438323738343562373235346335393764333834653836323866343864
65616634323336326232376537653164343130353238643463383338373836373131623535326563
64666631623537333833616332623662396433343766333832353635393239303637383662326531
33333136343936383063653234663365316131363636366135656439346134376265313935373831
66653136313262343632663735646534653435393665326636363162383234353330313139383662
61343962613563353066656134613333643962303632343030356566303134353132643965653836
32383165633262666362303963353230623763303836353638333831366532353263346163663934
32393933616365663839633264386233623333396162666566616662663833616438303434633965
63386261376461646234346566373834356164326262323435653835306231353336623232386336
63343763313462373434343134313464613936333237326264316666376565636264343666346564
38393237383161653133316233343934636338383461336136333564363438396561336539376431
64356165343962653436303932386163623230386233353735366430383263336266623364373166
32633538626138663365343535373135313534626230336638346536386436373439396639653932
31393533336439616335346331356633613130666433616433616632383036383738326235343136
62633965393033663032323463356662666631343561626234326263396539326361306466656538
38306432666238393163366664386539653435613631616666656634313665663361363163393033
30346466313932393863353664316632653939363663663266633031313430303030636633656466
35643562643664353538383935333839626566313939623431366432623836626336623662663737
35333539336561353531303933346464663837393131623337383763656234346533643863383964
35653962646462373231626433333034613937626465656331303162363838663936303338313131
32666161336363353535626439623938626466653961623065336361336538303239636466633530
63376364363531303537313265633664663561383734323938316239316661363039343834376439
64636235613561623862616639633163663434646665316239346363326466663363666439356465
36633865316330363064666161656262633766356135383362353937396338313738366637653839
33373466656633343234373963363265326539303839323262393433316632646632323830356263
32333132666239373663326431623735343332396462376430613337316362373966626562323434
64616430396666373338303561633531383662373239386361643162313131616232613336376463
64313466663236633936613666633261633963326461316561386138666264623437613836306139
62366637363761333636303066373738343439663830383864323230656538643438613232616335
33623330636637626430373237316164353163623232333230613334643834653463626235346262
30636466356131643864343163373261366235646134663937613362623461643966383837623038
66373136376631333039363839613964356633636163303239643831663137613437616665656530
38653838363665373066633533383363616338313064313866346362633632393961633836653533
30363330636564356339633461646331653636333736316435373233633036353534653539363531
66656235393633303363373536663536353434663263663833336334636639313736663662656431
34313435666566323562653231376461336264666465623130656137313263386165666365383935
64663766656666333530303637643035393162663332383934333031333135666637343338626134
38633335363235636365346136373162656366323564353766323338633532313639333063643862
66613130313036363534373634343435323431613235326339326266316135303937636238396332
36333238623837663161343363363565376635396435356166363338613432316164393762666236
61323264616566636237393533663633363132366164373734353238376332383131356464646564
66333639336366366134663062303661373761393963613062306439653237376164313538336666
35376232613830646232346634666435363064636332326632646330323634393735626138343732
64653662353162323134613031363262303761333230363561633466646562313566343335396334
66356333643637626261376437393730333963646532343330336637366533326166626533363433
39363435303638346139386635666561656139303933333039633731333737393766643238613865
36386234306134346633356264653966323037643235326332653135616564646364356536383334
63626136626166323338373763626164396133623931313832373564313163623931303732333464
34623665326637303663666539376431366232393961626161633462633036366261326636393238
37353637626265343934343065373165636461376437333261303638336336336134623962396135
38613266386265616333306433643035363665393363613735383530616264316631373361616131
63346133616663623638313538353839386330383131623165336335366639316235633431346665
38383662396166333761663766366134636365363730363332353562353539633036306263333863
30303861393234376235666333623065356135653263313430303566346465393132633837666666
34613762373530653639653264306234343264373836643436373766626133643963653235656261
64616439303631666137613864376634636561303430313731306131376634323235656531303666
37323637376263623237393035356233333464633539386636316333316539636536613130636364
35353432633634323732366535643036336466633630623937366131666662336239346635383161
35616336303431633062643233373833383638383831636130396634373364653530613764353065
38353966373265613538373165386438316563366161613737363839396266356361353063353439
38353034356633623235373563643534363831656436323438376236666230643331323664633264
30363238386263396361306336653661626131386336656463633937613061303862323661363232
63386266333162376264343738663065613066333866333665393236613036663566626336626163
62333137623033623437633438653664383036643436356666363636643238616438386639363038
38373231343064656263326437666132626562623463643061333034653532396538393238623032
65643337626462353630336466383962653864353961326361353934376637383463353135343634
33363531333931303036353835363062613736393438323130323930386635353866376266313730
34376339373638386436366363313261396634626262383265663831643135396464613362306233
36353566613539306361646330646162653134346339626366616561663536366262633266386462
38666432386531663763393030373435336564376664313536656138653161643230376563343036
63373134643232326464353261313938313262303763623361613836613738616635613465303736
62666336383431353530376262636238363665663661623166633565613065396661383265643039
37613061383530346463326630363432383134326162326236313630646136633766343835613162
37633634663837303331373461313965346333386166613034613666333135346139343366303865
35386635643636353334356564663434613232636165363061393633343934633961383335646663
62313362633065653131313766306637353566336232343434326366343266663963653565366535
36336639366465373534303038336238386130336132313062633131626564326536363562633639
34623639366466303330306437343932313133626137333132636630653732326633626162653331
36373365366434323439666266646333653531363638323133346365613730623664336539333232
65393936363131346466306562616161616238343038616461393536396531343562636635356236
63303331376538366263646137393639386562653736333562336432333963386234316264653963
64653939646239353431633338396534643134363934653765643665626636333136393663336333
35663864393337623165333964653934393739353861396136393165303534333032343664646663
31363938353835626233346664373863383038663663653261333533626539656638613936376262
34343737636631666538636337643835306662653137336266613831643435393433663663346634
30396430316437366437336334613163353034376139653462353935356332313231646265303636
39316531653930336362363735323165333436623930666236613030636136353137346633616465
64636462396462326161393336353661356432306262643665303234636138386361316433656339
62376435313366343039633865303932666634616566353432353561303238646165383533626161
32613733323631373936313765326630653062316563333261356561313566303165643434363466
62386630626163663332663465643437366664626436373666626362376161623034653364356234
65323039663336366139363739616133366462326531323836666339643430333836353366646664
37316139383833343237396239343531333238386231376337643336333033313766336239623765
65383732633961666635373532373532343361353638333635653531636534643635333362346433
65346363326531353663336232333837353662396439643332373134643138656232643633326235
39326363363033353733386535653230303231643963366663663261316334373162313765336363
61356139333836363636333863643866383635396562333332353634353639636366633830386333
36613565326163643238303132623363626166306139306136633665613863313161613735396466
32393865343437616339633139363563623532333930653036666366613034303037396130623530
35306137353865363036353231613666353364383830626438356166613065363461663761653530
34353734663338363361383830643962633262313463393330333766646232656534666436626139
63376236336331613163323135373263326661326138353134336163323262653731666138643232
35366564626137303637313039343030356537316664396566393963666339623061313836323739
65323237633234313237643836356664623266373134333630316535633030386135646338396533
38303633366563323334383561393233383665363064643435383539346434353032613465373334
62323538313930326135636237656134363531653166363034346135613065643265636234333665
33343065616664343861383139316465616166663964643536343564326632306239396565386236
36633531323666656334316338623531613865363665633633633264646562313837613436393165
37393134376533313965633639656534623631323736303932643139363138623664303063363936
66613362333238373965633061343035633561663335363236643838343233646132616630383161
63396364393564333461336433346638666165656362303262393237353335343262323430663363
31396634383332306163353232333731623338653235636139353834376463616232626364663865
31313866303066656339383762363936373732386331363535333030336263653663643962323230
39633563353631313832656261336664613439646362656533623837653164306131333631346438
61346266386539313539653164383164373135386436643633343639356430643761616465323335
61306266653637366133346136333034313466646165353139303236343432643463623734646432
39303662353764383736353362626366373737643938613236343066363439663837356337396365
36323833613535356138303761343634646531363261353766366436316136363332306232353734
61336666386636623331326561663661653662383335326164303838313763343738626462663033
38346335353664343038356161666532326162626362346630366532303064383532653232363036
36323437663732373434306131653732623333386366386331616337383730356631353932636238
62313036643637323331306531313865663230343066303533353430343034623261313161373737
34386335306536386564323963356263656662393335636366356536663837343536346433313335
34666439386337623065383837323161386563313565363565333838313364346231663963636361
31373166623133626136326234643265336164343831613532343063303336333531656235626638
35366562656339313937303733353765343237333461353436313766306366643936383337366266
66356539326466613364663633303336396363306130623132323737653637313335653035653939
63376231313064343736313736343336386636353037366132346635333563333830356533346435
32336564316330346362366465383631613135306434323630303034303133663239336538383336
37346432323138646433666636336234383737616561646336363761316361323337653830623966
36303864313961376465626533666434383665353762306634306163376562616566626338633830
37306163363664363630353161613664633037643561353864353535316536353734633037343037
32613330353161623262333163643232356164666666613932643732336232316163386262353734
31616439646664363062393665316166613533333036323736623662376163633461393535383739
34353730646239393039616262396636393261653762353238643233393132633764303537363931
30316238376233626433656164336537656365656239646431656434346638656233383130386530
34666438376334393934306430386534336431393865316632343132623334336536643366633138
36363864386432623765623730643238356461303935353539343965316566633539323737616234
38386464643764376637626638373665663538313937666264616663383430363433636436663661
61316265383238653263323037396563663539393162353061373563363765343661613065376665
63623865643039356137613164363236323064393137636666366534663765663966313439353161
66373331396631643064346138636266666263633861363834343831393462353931393166316638
66643137623934623931636132376461316463653137376132346536386134336366663233343337
39656139306334383763383238386562373262396161396530303463366138646566623461616562
65363938313562306233643864313935313834313364323030353534336534313131616163623266
61653364383733393363663536353464343764653030363431336664383266316232613233326239
38373263343263643032393930656330653631333536383338633630663264663137316261666534
64653633353161353231653032366165623361306664343035613438643161323936623962356139
35366334653763393139386136353563376435373164373065336663393165623364313666383631
62353731316133326233656165613162393962613231626664653838343935633965613130646130
34376362316536393030323430323933653732656233333536623932643138623638383563313966
30323461326235336132336238356435656136353766343361346662343565613636613765663435
31633236333264323834373336353365383930323362656431396165643439323735396136373563
61313633336332666135653865303634303162363336336233363933623836336138356434376639
63666561313162393735626564633263343730306134303361343238313963333865393664616535
34326334643533633739393536376331333537353463623837393430663864613232393733383734
34326136383163643235613065376237636237643233653961303437663736306139626332323632
38303331633334353132326238343632306365653961646233636263336639343232323731346563
63373662636131346662623564376338343736356230656136626431376431393938373331393736
31393333663462643635313030653235313263336464353464666639353262313362323866616331
38346439393333663666356661373939653230363435313736616635353239343037666664636531
65653731383039626532383138633739336665323963313465616437643966393666343366333539
61323937636666316336346163373861316235313034346332623231303735373464383730626139
38356265343539626361386563306632353337376232393034623462363932336539616337343936
31373938663365623664396635326534613666613637303734386539393565643262383265663461
36306135626138663033633737336161346234653630393066316231396636303661393739326361
64613738303032306262306434346237646565626135666131616363333730366362663032353636
65626365326336396564326533353864316330353164656634383532366538343266656232303233
39346364633436323136646665356633353530653363646531643531393236333739646662323430
65663534346365626566653031346532353835373938373365656532663430303533646132396532
62393331316665376531343266376363396463346662353532386331363231663566323537343235
39623336653966663936366464353631353264376331646639653432313965323436653632623038
32353236366532333439653539303064386232636161383834623733383235646335353662336332
31333239343834613965333864346363623138383633633735303830353535613534663332623136
39376131613635386436386136386462333161353162636561343735633265653031396331376433
37333030653338373962383466633730646466383461623265623133313633343465346638666438
38373161336236303234363761663530653735356438623264666532383763616339323562343664
32636236323934336437333930303039663866383539333532636334623338633031346139383665
61613636323933383235323465323434306430663263616265343265613764633234383963353333
37333938313065386537393263623537396338323635613839643030656231623733646436646261
31316236663535613236343533323134623662613232306364306234306139353565666433303065
34656565613861366262613439666664653333346130373239313263383635613464383761373762
39303063393230633066623931353334656234313466623432346433346530386139653234633061
65663133633265643336333439333436313963666461393437626234393932316534323836653365
31393231383661383436373032636630616237386435616534356130363464343063353838613866
35386466626135643134366337346135643835396433306166386236363965303764346130363638
37326362356465303337333036316564316432663433333162383536313638356264353163333661
35343332303832373163383561313030383832613130656138636532386462363936343334313938
36376263366131356535356637326464383738313064393838626562653333616636643031623033
36343662303638326437306539616435363065356466376634306363653262313830366138626431
37383632663233623933643264626166333936353838656333323333356266653434303132323434
63316363343530313639373362663731646235366636333161656337636239333636653134363330
33656666333066353134623561613462643239396264356165633434336132633034363531303461
34623938336562623264
