$ANSIBLE_VAULT;1.1;AES256
35366538656161336261656266623435633134313262363032323738623737323939303862353932
3139343766333062623566633963663934653936356463640a353662313636643733613937336233
30353737323166643261633365373434636561373166383537616233353536373330393539363061
3737353030303936320a623132396535356136356239383662653638396366646265303562613361
61326238353531666133353634633733313338396639373532643730613633353064616662663938
33373964383439306338636338646132343433633835623061323339303838386235353737616335
30636566303330396238313539663833373038303237356635656564303737653237616334613535
33346564626265313632653263656462306664313866326361323933373937343061616664366433
39653734663766316363306132646663336130636465336637393738323962313434303265323762
62356462303964346333303131303161333931383463353735393534376366636138306362366636
65303964633664636132666565643436343537383465616333363333613531393435363239636632
34366565353134393363646331343661336262373536656235336466656361666133336132656536
39336630313766656431313364393266376463633163623939393333363735336536353265343164
61656335633265656361633565643161393234643165623233633365313936393837643539633466
33653464616231303562313734306431663963313836623337393136633135363937386639336261
31636134313832366163396261303233366562653163303066613039306534346665333138353330
37613436323036393934653662393465313330376633306564353764363631636465393663333266
37386262353562343230386332373538663931373464363837353262386434313432383632643063
63393866666664653464393130623339656161666333313535626364393635306132633032373162
61316236623132343330333261356134306332613561666262306237633439313137396463336139
65663538613638666139653235633433333937323438396135396161393835633237316433323661
37643231613338356434383235656364643162653937326336623035366165653835326433303538
66653862363837326636313464316164326665623131343966373832303663386663373662316639
63313966313565313966626461353733393733663235306166326236633366363438663739626234
66613439343962636464373137346662626266646538353464643762346463333138613036613032
63623261333032663462303532613666303533626562386166376465373664396161623632613832
61373361383466366434343962663830623739653532613533376332613430366534393866356639
36323631343338656363363462323435373232306531343936313839366362626136313664303334
63636130316563363834613032636635613264373864326533613763316237376262643835383134
34386663623738343139383136383639653238326239613766613632653732666466666264623438
303465633038633162326231353137653464
