$ANSIBLE_VAULT;1.1;AES256
36356433343062353832373430313833623530343836343062343538363034386235333539346236
3862373935613530373832653763316235376637633732320a373666633764663236323330633230
36343935656530373364313662333330653062323739623732306231316662646239343237653938
3333623932343238310a336237386563323738343235316262353734386139323530376638633833
61353561613864663632363262333434313537623466376636626364336135343731306638373735
64643830623737363061386262323939366665656363613339646366336331373230636235336263
38303561356466333735303535616431316265633831633532613134383239366565633531323937
61376339663532383936653337393737366666393465386538386262626232316664613835356636
32663238393966613134333965653334623233326664383938373531353635363263393739353636
34313535373138626566316336393234313566343835363161333031383663393939616666396137
34613036306131303834323164663462646631663166376365623730363439636236623430366464
39346262333434313739633037336466346465306232333038373637663736626235326232376539
36363234346662373361393732376166626534626464343536663464306631326166633465626432
61363633356266633965343933323765616132373866636265646639346336656139356232626464
39616537623938326439643265643435616534666532353134666236343561366332333732666131
66333862333432643232656665616335313364393765366630396565653130383737636339643766
33306364386336393563366536613464336430306262666361623134353432616333656236653534
63656339616239313836643039613738616237343837626638623637363931313762323931373663
65643634393638386439633463396133663463626238323237343763373662303562643232646433
66363465316335343835353361626366613766373938646263313262343462613435343365343032
36396466646232353338636565353562663830393033393236373566396161633165363563366132
30656337353834303665643638353539346438333337323434353962346338626435306133623262
62373639643661353061383834383936663639376262306332363565616665346637356139393835
38333331363834653131656638313731396261646130663563616564376337303031396162643262
66623234633564393766313366366262633864333964356636363965633032346330393937613635
36643165393531373733363036303332383264363239313932383638373335373866643161666435
32613961633139396164643966373266626234363239643538323635323333656435383634373765
36653564663132326130656563393739633962383532303636353438393133313164376165666230
62643065353663363536396466373462316661663738653132663531396530383734333664656132
64666432336662623962663937666132643030623730343764356462396361383934636638646438
33626162303236336630396461636234376666366538333961373037346236343161633335376632
37363434346165333032643961363538356465643331326661653965373431613463323731353164
36643637666638633430373238393933616635316166373764386239303565353663303438623630
62363563646464316330323036373064343438393565316664666131646334653338613530396138
36383131373832643335363739373837613837626639313061313465336138623665656436323537
61633662363936383633623764386236393138313634366333313363333734643531303064633535
36306566386638373436316139623764663336613439316263373866333062376663323838383266
34633564343962326335323165396464646336623732613932343435336262363635343065633631
63663863666166633536366135393937376665303233303736616639643663643032323933613031
30353566643637613865353364333334633235313135643361373837336539313466623235376163
37306132376534323534336135633833626664383338396265303161666531393135323165303234
33333565656538663762616131373863333462386236313636666431656635646633663533333036
38336538393932646561646265396633323864346136393366306635663537323366623834373034
35643937306537303065626135393135316233633333313261643463343865383464336562386465
35313863306439633738663738633830323337363935313662363133376338353733376632613664
39353438623665303565353230626665646237363737316630646631393663383938303239356133
32353365356464313732353563363562396262633537356265393561316564373034633365363338
33643465326534333338633634383135386139623232303161323161393038363238626631366264
65653361646236636235316663356132623937336433623533386166323061666565663230306639
31336262356266343166313932656430643930616335306636356266306438323832313264363938
64343134353234623665633838363164356537386565313165396436333631373163373036616130
35373536333839303464336430663433323739303239373866656566663264616161393732326565
66623763363134366131323232613232353233316638313831386662326238396435623737393237
38666337343332323530393863313237663632353466633038646539643136393638383937323635
36316461666465316230373939343239333666643031653433393031616134376236623035663663
36336335663139343933643164363964356437353831303363656661343364336338626234356632
34656662363862336133643266363531613338353833333538313230333138653462323266383834
61656436373636313461383364613737663564333935346632313565313330323463333261623862
66303231623166306139373739616633323864613430663438383731326461323637383631613239
62656339313562643963393635306430383838653634333231373139326533643062313465363032
34373561616266303334346130316335316364396633376433656664386637396635326335343634
36613234643965633038323763383632333735663433613130366536623439316639376135326138
62376335663930333364336231323366313262336332353037336430303938393062303838363234
61636438613032613433633536623562303737353637646535633933623966386635626366383964
38313263613037643733343365346437663633323961643537643731323561616435636266643363
32343563636566373732333039626464613535396134323935383036623136306635643336366161
61376164366237333362653230656336383864393363383961363866383633363030353633613036
30303162656535633534376233366535396165313137333864633038353132336130656634313936
30633538316463663363383164323935616338396430323238656563356265343266386435626538
65333038666361623132303638353230666633653932613634383137373139373131636638666464
35393035303133633666353861656439303730386135393261653632663033303738366435356430
66346632636338356335643064656465346338323364646230353637626366663532646138303037
34363466336433643831346539623331373937333632316663336563323062366364306163616134
65313334376530626137343736663836303537376362303031376338626431626430336237333938
37373137656438336261366462363964376362663131343564323161663538333031646231643038
38643262643337336462336138303462646330366337306530623465663162623730353534633164
66636666613731623433653336363666353533653936616538326639613935666331623062633138
35626363383466653337633033366562333532666161333331623264336663306435356462643032
34343863333633306162393733383164343531383235353332396430336631613963353331313266
35636530653361383565636661616536656133656532376135313364363739356266336564323536
61306633613139383762303532613763343261346239336666323863366538313963343534353861
66396139616436653537653537363963383730663137346639613361333462306535353139336663
30343765303637353032616630643937643931346539653363383063363562353064323866643531
39653661323330336432366631323839396531383465656337373931356230326464316162373631
31333762313561653931646632373831306333653363623733316436316563646439656234313364
61663130633763396239383132643231613138356164313364646432343130663766346130336233
31643761396462323762643362383830633339386566623337306431326161393538326535643065
31663533333830393334346434323430316563343066373434353731373863313439633436323336
65613766663134616361333033383430653736396431343132313234633739653363613835396231
64386135323863643365316431636562623163326230663866373063303265326132326238613361
62353237363937303834633563313965663634313935643462393131306661653336366263633035
64643165363435396233613031386435633338626633646663643766656661373864353433303535
61643033313731653031386263643464663731396235366435643261313232313131656465316263
30396464366566306663396665643235336236343663383031613937386461653061636435336433
37626365653663353231653063646638366238653765323336356334366566363365613564303538
65376165646361373834656230626165653835656135396338303130376364353133356138313131
36356336306662323764396437366664356130653330366338323532373764363030393138363864
34666436306539656563653433343761613036316364666533643333303038663432613635326431
38353561396164363462323830323535663561643230636661323764386361326531363932383634
63333661386335333930656634613439323139326165646539663661643266653366313938376433
38643661656562396463656264333165303433313362656131353331356136386630366562376633
36383439333834313030666435366165663138366233383430613534383030613062366434316434
32633133633162336433333634373138636531653336323030366166663738633738663937663964
66363831353364616439653335313632373438356663656563306265626665623661393531663131
34313865646330383861373065613033383061396266643138386565336332383635386433313334
37363333343138313135623533336136303730383766343838303236623464366264303634376339
35373033323634303438643530356562376164333135653364383165323062326632346539393634
30663966343531623163306232313133626232646463656335646330326633636361313538333232
38303637396165323430333663653763636530363332636530383766313534653963636636643432
32616463643961653962313939336338353131643734333938623837333633353764336362613166
31616234303965356266636536366266623536323334373437613830383865383636323431306439
64663965626636643464346138353664623237376132666364666461353030653436323532383766
32643762313138373634316539646364373163343963383737343039653032373064656134373366
33313365383233343832383939663361383539636138323833366639636661313365623035333337
63333864666666373334663039323665386635323664343366386262303565386361626537353965
63393764383765396234386537646565316636643331656539373938646639313135386339346362
66633339383039653264326363333439303563356439363464303865333065326639396130653535
66613938383937346434623236323966636337333834343763656232306633613339363164373835
36353061393932343633343335666437323932376362343039646135303566336566323438393439
31313265316664316630646564623135653366636430313734303337386565386532623365373566
37633437616235653531626164313536363866303633356333386332343332653863653433616330
39316339666631633264643735373163653963356138323333396365366135323237663231396135
61336463646431346566393437303361363938323866376231383231373230613230346439393362
35386335663037666162303962663661323332636536646464353333393861616234653939393034
65333535306133636462656338383863313530663230323236623032393730306436313361343765
37373733326166343535373034333866643465383732613038393764653437393762356464383961
36663664306434333736376631356430666664633736323466326237363864353565666637626237
38363731326335343133316130383661386166373935313930613637356261616130383133616561
37613932306632373938333965333234633338306265363331346532346635663764383865613461
34323265616436613530323262373833656337326664393130613739353632393965376534363239
36303136323039663238356336386334363739326236303039396563346230663030663937366635
64303539393334393266363361353335303664623439346239633961653564323665346131356133
38333261646139306234643364333639336337333831363732656539393839666562356662663764
38366264623539363730303136646265333830393461663438653630643936353739633931373231
61663135373934663031643064636338626462656135613238643639346631363563376163333962
36393232623235623830663030393636613064663164363237316639613430376337653531383630
33656366643636306630653139333137343938363165303031363132323863663030373738663039
35313532616637646161323961323663323361643462323465373835306364323661316364613133
30303665386465666438636136653165356438366431613439376661336630363635316638306535
39363237663166343039636566336130343732326136353939393236643335363137616631346263
33396533633866343333636265383862633032633238303966343139616661363538336263313164
33363133643666376662616530336364633039633338363531343231643837386432376263366239
37666430666264663937653330333132643963323361663365653838623765623634333537633062
33303862373035323162383033633962613837393537633464303832393234663066366338396564
33656662333736663633333338643932303461656337316439623362616164653333613365353531
65336135366433653764373531646637616431326631333536303839313130663038646430326463
32663531333939616662336236616536306131653935646561336338396634653865623831623433
65623464313464616632633931373738313936643631363161313534366566653436323931613335
35626232376666393030373036323331343030366238353032353763366662363737626536396338
36626332373530333439366262306538616463333463323335376466656662393134633437376333
33333132623065373133623233353838363737313563653535306666353434653831313865366639
35366338666563386234353733373763646561626339313865303136373361616363363232613331
36313634666636636466623838313432643732393264353832383634306132393537653130323531
36653533303631393162376664366230393365636464633733353331353062326632353336363237
31376338343332616232373965383665383436646462336537646132656630386539363533316237
61333731623831316632383261373130623934393931646235666138656466333364386335666136
30396533623835396234643036666262613839306530393466333630613531396436323063356661
64626333303537303334643261386335363661323937386539316663323662333136353734616437
63383231306334343536643461633638303135313136386461326632633235333736626336633635
66373665646666303033356566396539613466306561373763653436336565363862663865613263
66613262313230303565303762313235306665353663396431653032306662316464333965313461
66663466633431343333396236336434663339643664616433656434323638633437323266616634
64373831633932323565613630616134643331373939333063343262643735306538653432313136
66306636653361346135353232633236356564323538613764343430346462633437316366356461
35313431386333326331396266346565363332313836346334646662643735643733373333353030
30663565393032343735663839626332653461383530316561323765626639623937363366333234
35306332343738646637353661623733623739303135383532383832376665353230643734383333
38353762616630363565363439303330616632356161346530373331363336383337366666366361
33323339396436663937363462326533636465633865663835306537353661323734656639323765
33343639386438613830333462313336643164343233313662623338626161373664383739376630
33633131376131613737333839323233333332653832303730363863313839373338333333326361
63393935353831653633396432616138663031373961653732373331323261623662386432663634
39323964356461376333646139643965323137343432376532656430333938363866323866653261
39306436376563643936366534396431666131363565313563613332613164623131663632303831
35363734626636346434663937636663363831303433313064646532663061326166363638323432
38303431386237363461626130383965316566376333623038346232326363316164663066393063
61393961353736356531333162336134636232396436333963656361643138363830633266666563
36613634336461383938323932633332366533336461336238653632653530346533396638386633
63363339386665336163353461646232386465393665303937636230306139613265396466376563
34376363613662393436633362333962386631633831373931613437336130636530613365326637
62656661326164386438663630346165383538323135336562633664303934326366303965636464
37343331363066353131353763653231386138636634343031656130363435383635633236623762
31653362373061356331323563316564616130306565353637353436396231363930633063326564
61306362383637383730323366373732636533623531383062373831303838383661363131663964
63306538383665333030656334396136323061653335656665366264313863376437326233633732
30366662303232316630303732363437613663623138376366323365373438343534656339613166
32376263623165643964316431333665643066343438666336616633386563346438636536633163
64646131643035633931313731653561313439346430313337653562633463666361623937613335
62613561326530316163386136363937353863396131383239396234323336383838663662333339
62633365373063653934313864356162663763636465366536373430353865643966323064346639
61383436313039303539336334316161623762616330353431336130633433356564396536313935
39323265366531346635346331386438306336646538386638393930396237626338366135396332
62343839366432643565346237373737313234376332313834383638643061356263393730343737
30363166363639353238363166633965616366333531383637613732383366333936633962663035
35656261613164663932313363303966613463336637333337643463363262376431343862383236
37616237303865356339
