$ANSIBLE_VAULT;1.1;AES256
36633933333733366163386163616664313361373436333866326137663031326530373162623763
3032616632393664666661653066626165653364663431370a646466363864353839616261356462
38616332313038643131666236323930633235353362376238303437386132633733316361373364
3433653331643866390a326335626536336133333231636233333465643466383836356463366531
37653062633136613465633731663331306537343035663565666133313736363930343964343330
36646165353761373365626534363035643665323161333963316235376139653438623830386564
61373535336239623132333461393731643865376635623265383930306331393435353661303932
38336161303235323938643366313230313834386636666632653830613936376637393962353638
64636430623063626631663563313064363764646663626465323033383266633639333734656163
36336461663339376339303437633538373732393135656335643035316566663134636638626339
62376664306364393835363864653661616533613666333265636566613234363366306338633431
61666333333936336466633533373437396530323633363934316333303763303733363132643735
38643734646336623961626162633265653338396135386338656530383861313263303461626566
33613539366163633933323330373439656632663935393364316361383336373833326335343464
61306464376436383631623165303862316561343834666163316136623263633163366535666132
30363064613264363734326365363334393663396564616432376538636536366639633062303464
63336538346363383033303334656265643962353063303033323661333830323635653661623737
64396239373638373332666161653436363663383939643634623834346539663435386630656361
32323561333637393637363664313530623932313063363732396464306461646564623662383435
62343434316333646261303035346166326662363330346234303134643337343862633938303066
36656364666132663361306432326662373534353165313561626162643730336461663064343461
66303334643739653433313631643630626233653235373561386236333435646533356661633566
36363236313832323766623264666433666436643038353561363133663064383166663333326665
62623465313763653566356565336633386633393931663537613963613562393033316565383161
36636665653634623266633533343038396536613035393432383634346137313732653063633430
33653032666464626462356565626563373833613637303361313632373439666366653937613363
38666236333963393135353834343738396134373232333036376438383661613739396163323735
34323662386435316461396637643738646238643031366439353138646364373632333533393930
64613663633065363039353364383565656436653638666337373262346532616138373330663464
31663831396662393135636662643362363133326161383266353864376536396664303530326239
30383265623737333864653936343165663631646536633230643831303735346531666666663165
64333663633135353235663839393937313337333236366439643236373935333136316165343964
38336635383366343065366330303332656535343835353365303662336635666564373335633462
64653438343935646339336233343261396465333134336330383963346337393364616335666438
35303939353132393538643133343863343833643465373935666339653933653335393066653339
63346435323632313534613066633539373332626536363662663632313865393565643565643539
33646461343561323263313066663231343132666537346135303466663231333436316632356438
64396164623438313733363966326665383665356163323031363038313233626435363033353937
32313532623332613139666630343463393461643034353664626530333931366331343433643130
37666161653964333562386237656663613138663366313964343761636364346566613661333263
65663231366161616537666166653333666666303266346634646330633631336234323862393333
66376266636537643238666161316137653237366539313561386234656664393636613431626461
34383737323637646436383766646631353230633331393762303161393661353564393438656134
37373631633130323262353134343262666439666133613731313739383035336430626265646164
64343764323234616239653064646366636665393535396562383337353831633664326139313737
64653839656463316236383338343665653835653133383737333832373436333966613762363631
65643733643035623761323261636338663232383836373764303531333435623130356430646364
37336564326265653635613463316161343461373166613966623764363065376661633533363530
34323634646631333536386338336131376633396664366636626361393064326538366264386365
66313733663761646138336635623562653731333664623031636330366464333733353534643162
66383466323563393234323934636261306138376639353165623266336166326631306363336534
37333431313864613266613830336533353238613761363866333539393739306663386333613963
38343731383634373838666662616330393635383362623733663037643362633831383663613731
61616361353965353832323365346537396562316464616139646337653238373239373638396335
66333765643335323035616563653930386635303337316635653663623934653432346131373638
63393432623636663762343439663437663135653031346562646465613034383564383134346235
36613234316330663236316435663032376262396138336630633832623663396461363762633932
30626361613738336539626137666632636432643862326164633639343030323336356239646536
63393532653061343066363838316330626237346364303266313537666232373737366438373435
30646230653663613464336165396662303631633832353237376130326365633765363533633435
39386664353965616334306637653163643238643761373438633139633762653462343764386535
36346138623432633738323361633336376235663066373237343961343763613730333739656231
37663065353431633366316263346662666332666564636666646662366630333661386433613862
64346136333565623434333065346338616436306433363462343136336537376637643364306537
66386366323435353239666339666439636338353065616639376165386338346365643839626130
64346565323533343266646663633039313030306264373766383639376165376133646538303032
39613865363634373264393030636636396537353165343730333331636664373661623337336637
32623963623065326532613837373262393064636239383465366233303262666465356230623937
37393132373633313961616237346463383562643233343162613131386137383232326433353334
65303930366336653535383334653432623439363635386333663733313131383762643637386533
38323539373035633433346166653635663039626439656131393335396164333865323339643438
30663965313062393535316333376562396361343232353634366431343362333330636630613739
65653833663833396531346132363930393832643363633933396236336235366662663438333633
38613636613531636537303133313165386261363232666335396333663664643130623265376136
32653966616438396335643230396261313263623731303937373963303563363363643962346463
64353033353565333161663461613737363630316233666435653764636430393932653363313936
35653535346335346231323439333561663233633061323766383734316539353231373737393066
33633666326662636439353264613963633232393030616266353963623630363235343662313735
61666263376530386136393437383636363933626463636535333163363632653038333762383637
65633664316330623935383163353063346563366135393538313663366139626337386134623739
36306636303939313538323733323932313132353938353061313565643430666535336165396433
36636333643465643934323864366131316439626464363035323437643636623762643263346333
32663638646666363561643961323335303633373832373662343861643265373562396338643261
65346236343065666261346363656536333033653164303462633330653738633766393465353435
64346335616136326333383164346437323338373064316566306538383761666165663161373839
63376130616462396637323761393165373330643362323237613637356437323761336132333461
63643666663931396139623830636230623033396365663834613435316230633034383531396238
31613730633131633735633232366633366362393166333061653431653963343535303632346661
64323334326532623234393965303332346164356261326366383532633335646232393864303238
65323061626161623363363761393335323235643830316662356535306531636437653966363437
63653466653934373531633831356162303665383434313762306265663735393765343963346138
65303335376132396637666563393137353732383431316566643561613038376331303663363532
66323864623831323535616136623666333435623064663038353563613131333066666261643565
39326434303061386365613632393137363563643964343563323866663862383332633764666336
35386364346664343361303339373263613364613431616532643432386238366234346362623038
37376239303733336663346231343136346134383530633664396137373164623233316430363031
35646135613663386533633063613561623562376133636235616438613962316330
