$ANSIBLE_VAULT;1.1;AES256
34633433376162393464386337643639373434303066626631633963336563613363346631313439
3530346562356231613037363934323830343064643738610a333337303532643636313661636236
35313239623661353633343762643136663133326531303030633839306364643062376664303738
6463306530643463350a363265303138393663623266633434313831656530303463336136623063
34353061313530323663646635633031303539323666366662393161383237306564313736623331
30336231313130303761663162636239653533646263313866356437356663653638353961666133
35333037646666653035366135306266623038323564376238396330613964633734616166613535
37633561333339623635643062336662326164613661336538376135386561633464343635643937
63383239396631303866313034616638653166363962646464643434323139643832313866356532
65336635656337653137303634643230656532343839633334396365396362356236643865343162
31653564313762386539613566343536636434363036666263346561633566613035363465666361
39303530663530336164306663656331306636313865336332366164303962303033326535626438
37373764343936393230383838366138376135363733366663333366333033666537633931303134
39366639636239346535663331653433623434656637646661356337626430333132646161373865
62613164633331666131643465633964303662656534626661353538316434613930636536643263
35326338653138333637366534363739316564313664393239373932626330613138616631623436
62623039613638396364613661653330623437613566383633396561366532366231333531303338
63346138646461343562356465653266623732323336356234386638313163613034373733616262
34616634633735326663323131393939633236373330346666373639363738373364656339376661
34616538336639363561636662653334393863336564396662326537663062643538643933313365
66613338393936313861373431353831393866306463616438376564333831373133383566343232
62313766616334333035363239306437373539303932396263653634326238366563316234636532
31303434633965303234316232306235316463316539326639383231366662313665376565343534
37626430396637363134616132356265313465326164313064376362346634653332613031366630
30376166343762616561623832366362316336653539376563633632666636373534343436373439
30393436326237646635386438363137373133386437366537623166633238303734333561353030
35373239366639393933346235386633383233363531353263333463396162386637396333623763
65336432393938343330326439623936373664613264366662376530633866643438616138356562
62633931633235313638393139636436656533316537666361333762383361623735663161663632
66316633653839613638386231346565363063376433313566616435623364363064616138653764
36363264396330653461323537333066666363366162646565613230636633663265326331636536
66303264373630633630343335333935663839636565613933303331663130353465376565323030
66353637346166313131626438643962363964633335353466373338636666336130323036306639
33393238633064303663656463346139646665663863643462386465323235383266363831356134
31376235653739323231343462666162396332663439373134356230633162313334303830643834
33336437366537393731353033633438336662326630376334323161616537313165323932646633
34393266333035393663663030623166376437316662346464663434323866613766376537626365
65326566346532393134353564363130373035633565633663616633336566343738306465343039
38316334323530373363666333663236383739393366323561363366646338316561396131343566
32336133363139623034343239633037646362393133393336383233636233613933656430383230
64653838313861373836336466393030356536373065346261353265666232646163373431363364
63633335393666383463326636323635306531343931633133343261333431636365663634393962
39626166373463333761363465343664306166363533356661346466343262393261646563613339
38653331313333656533656532333135333635383636373934366362343262386636633932653737
64623435373030323636336530656634393937363765346236623336666330303433393731656239
62363066356561616633313037353437346136383661616233313965316631303961326533373461
31303835313037623064636364373539666161303939363736306430373839323231363239336364
33323766343363386239376231303963383738313237656238313264333864313162616339663134
38326361623132326264613939666238303765303366383961643738353863633637383730666234
64313163616165653162363365653464643038356664626163646666383962323030326335663031
66383962386331323035373138393238636338666337363335373531323765386133663834336130
30636131373137333965646437666461343164363733373462306665336332366236666663633364
61313435306434373230653961336466616439396135336237346539306361343533393338323263
30306361663765336231666130633966346539626130323134663465383665623466333833343066
32623462356565643661346333336538636231396361363934313039306636656566656136343265
34656631626436663164303563343636316339306462633331366662633639653862313965613264
61383165326664373466633830333666613930353764623362636332366364373332313732613237
62666465353363386465393838616465613865396538643362316639396538653633303763653939
63306266313862323261346264666637346633643762303635326466643661666364646161656233
30383132643536396631313062633065336437353631356639373231633964663232393835393763
39656664383164343861336263396562663265613264393030643536303162373065326436316134
36343264666238346464383765616634353834313638663266623836346530336136356535643636
62623063653265313763623535363264306638346533363965666232376333316238663536376263
36326339616539616333633463636539663437336133623062363061303762393933383863663934
38346133613561373130346633343036643736386237366365613265306539386562353763363565
62636439313935316337316633356336653737613761386439613437633834663963323336333230
61616237353763303236663230363939353637326464306231326535376462326134666435316264
35386431333036313832633830373833376364373536333537333537373132666231626435326138
63336439643466336464396136363733376461376361623431353537313966633161386162373064
34313932626331623434343037343237303261613837343839333163653431616531363361613332
35636435383937376639613035323663333239323866356530383339613363333566303164653466
31636136363362666465383561366632636162663138616464666239656235323539646432636537
39336336333135623264613863363063383133663837306434313936353563346131363738613034
61626463366462363939333935646437393434386362656632343934363965333338343332306537
31633865313933373465313464363939336231316236303566303232363033306439343331616435
30623230616630306337313734666539366233366632373266666234323538386234663035366636
63376161363164346361363633333831343065336431316231396234316137616331666564373463
31386639303339366531653264393737363361326663363965386239323332633961336236353939
35316530336135653538373433646334646561356436616534366262636132353336653336633630
39323036663533613531653637386333373062623635653966316162316434313134353236623737
66643362656431363537663566613764396632353161373962323432616266346231663635363336
31656361313864626665623966306265663064393538316636343364326237383536363964636463
32633165636164373035353334383338376365663461393731613661353530306161646432363938
35303366313566313637323765313965336131386563616334653732326133616533346664343339
36616363633163626531393636323437363230613835306131646137356464383134393266383266
62356163656537396239383939663737663936396335316462643439666432343061373737633062
38303637653730396338623033653766386132666336383831663838626563326438383531623337
35343237323339333063356362376534373366663336376332623763336362363364323637336465
66633739316237343662393865663437376462383435653131393861383639613235353366303861
36373264396639353539376530383433313237613266303931373562303337303234306338373536
61656464303339303633636238376232323938636437663061643932376263646262666436373137
63343738303762633232353031613863633862623262353834616565383236306265383837366439
31316432343231663239386237303037363366633638633935663233346234613464613235323237
37323464333035366637626536616437353565346638383933306332643862353366373332333035
37663131346332633362306535393863333561303335613432343539313464353765643464633263
39366335336130613964626663313332623062306662633038636237346636636230313265623830
62623836623763643662366431633361633533353061656335303937666337633234623333396136
37346536633034396662663531353063386632343039356334316465666363663232663936616162
39353830376365386331636665393336633163636139363839613563643938353837643630613366
64323864333532366339383831316638346362306132396130313032373566666434376366613361
38366432336466383334616438383838623233396230343261313562623565623164616537323836
61616436363735393661333232646537633439613035663363373830303435343035643165366230
30613564373033616461613964383766323436303162383062373330636561633962643730346465
32616464306332623636633030373739313630336663643965663866353032386238366236343734
65316436323863326365353639303864313662663661333636656430643238666664323734306664
36626462636663653862313633303030633439343233366636346336613564636561393230346363
30353838376537653436363561393835376163616562346463633735636532663162633736363962
33646430363761396662636338343365363031613564653363353030373466373634613630333561
39633635303333316535373263343766633831643730663665623137616334653762396366643937
64616333333963383565626537343033656638663065373936306166643262383866326132616665
32386334363831623163303632393364383232323431376265366233666239626539626163653232
39336364363166666633663764353336316662393963353761643265616366373539643436383633
39653336613765326136626237616333303730396461623766613165313766613436333764623534
36353462346466613263616430353963343536313463343538346334333166613336636231616661
36626665373565383132663464373763633063633962323666333864663130393539393335333263
32343564346165653266303830363933353730333566623166653435363233623839643566343262
34376230323733313534353462396165363330306163316337323331303939376437636336353965
62313335663333613461346530306530363965393765363163306162326364306439376139313637
38383464613165383133626234336435393762306330643364383531643331613661333131383865
33346661333339656534653434303061663763653237623239656166386233613562343163343430
63663538656230393066363566626537316662356532616631393331386663316439653862613766
66666536626663366365346238666234356437373431373433663137333932313963623730616362
65386165353962613863353831363135663865386364616338353665623431376666623461663336
38653838633435653736336663663461383239303034663935633732356639346261323937303330
34616131323034303935363065333437613664623234363230613836366564646261393063363737
65356463636562376536373961653164356266326233643230666630333636633466313666613364
63356162333134656130633536333237316464663634663439633731393231316233376233313635
33306662376137653962326632356462383734323961356238396132376330333834643039663563
64336363626465613966623435396235643963656136386133303832663936303361346231343662
32343734376533383735336464393739323262643166306636303838636430643765333139356438
66333130316561643335316330616264353830616332323861663961343037353733376565633738
35363665323237323937323234653563663361363665643039376135343535376264363766383237
65363332633531313738396230323936656161313063386539353030636565636333343538323739
62353239393365333531663932343061333334313339373437373366343939343763353931633463
36303264666461303430653739313162616432623738663633353766356630313931613965383234
65316632343731303733363162623063633537353366643361633935616638643632316534306566
38616461663837326537353031656630616636366466323533376635636434613236616263656238
63326638363037353364316134636366626161653936666665383831333033383735616566313439
63373565386338653937636263373338383233323161323332386663333763386430303064376661
62373432623935613739363066386361666366376465363533656331366633656330613465343130
38323737626265393631353264636664393633303337333637366338303463626365363164326366
34636363316232373731353466353736333864633862363438306564366664613364343065333330
39663666356239336366383930383366386333373261373334643661386133613232616331376264
35396538386234633131376231376462643361383731363131343064646239396438653965326438
33393539643630326362346438316132343761646264346562636534326532306162323935336265
63636630383438356630663161386263636431323361306636306432623537373238616138643037
37396130336237333366346337373734623339383032363632323437616334613238396366396264
34373265646634646331336361373831333631346364393236653135656331613362613561333630
62643234633737313364306335323938653536646239323663386635623337363037313363303164
62393236643937363638343936613631333739653835626161333235316137636461303664363437
32333837303462663337353666626539316465313637626639653363343132333539396366366236
30356239396134663264623461323562386536393137353839326335363536366366643361376532
65616363623064346465306139313938623565393539616331636261303266643832393836396364
35383736376434343465366162663261663661623738323734636137343638313864363934633434
37386232356162663662373266646165383638333236346163636537323834343235393164626430
30343431323333336466663230363266643364383933303565646230306162353061613464386539
37633933386337343062643733313235653330343239373930393533323435303733333063393939
63666333366432633739616436633532643663663566366566316135396261376265353266616665
39343336333935353264633733303636376135396666613933636136653533633262336161306662
66396434363735336130353637346433343762393534343361353930613734363235376635663731
30663163353164666466393736663432633365393238376231343736636262343966313030323730
33313437656432653634393861613939656133623335366236366636626330386665333563666131
31333061333337633132656433643537663965633032353330386532656265356364643465326664
31323330623931643939383061336237303131646166646161313461363138313865633065653366
64623534646433333662613866383235636666303234303634316233366532666333633536303664
64363838666636663930366565666562323438343235633632343439393862616666333438616365
38396663646630353033653932303362643363363732363231363432666232363466393138393665
38663965313964373561303663623332636236626263613439656536396365646665303966613932
64316130643565356533343936353066383935663039366664373433623437363033616439656561
34343739646561343433323464396639346335653937376135613638633438333039356539353036
36396438303433396237623430306334316530613636306338613237396234653336623762363239
30356239356262626332616133356137633566303330656666643830323362643532303664396666
64643635656165613533356334336337623134383336373534376563363231643066633439386134
35666130643838396665376431353839326661316433353533653764373837353835663136613865
36656331636238636539353266353130333662386238396432326435626637343734623666623863
34336135666630303862343335623836623662323432353065633861653531373232393336333639
64656462613163643762333834313362666234623866663638363164666632666638383533376634
66656562646465363034626130643333343432366165376539373962666634663331616239323361
33363437616434373233313834343334656464393130333065366462636563616265323061333766
34396262363864666364343633666333633531646130393731326666356334613935373538633261
62663631613763633631356333336532623935343162333165656534313464376637306232363531
35333365316665323235653761656630356132663765306165643463356332363761393530633435
63326238346434666433613633323837326236333835306561666634333835303439323730316330
63363665333539356537613432303662363433613633326163366235396265333437633036626539
34313237303037383330306337306231646239303862616333356336656566373935363539323338
39626630616337336562636461306463626535633538376635373131343439373935636234363333
39366532653537356264626533653637666165326662643363643066363430613663366661643161
37666134613434303532326533613936356662643736326430323231616262356461653965626265
36366434333865316637646636373437353361653037613963313937313037313832646137623664
66646538616134653333373464336334313765383339623530323732353564316439653336613861
30656163303637343031356239303534643838336136386533346533626264353532323730336332
38623763323835643430616165303936656533393330646139333161343265343561336231326565
65353932383732373463306532653935323037656665396361646464386631666237373064313263
61353038646135363132353862316136363135623235633331313033386565623966303261613736
31333461333935643839623434663833653937643466303330366534323136326233616363323363
64383034316637383062353962376338393437666635616634353032376431663133646332303031
37373131613866646264376536316331383563303961323863313164326630336363646638373164
31326464633761336133303462636565366637343263653963343036663033666636313763636165
35316461306638356264613037626563343133393464343066633534343963383937343537613638
38643562353265396138653636396162396562303362623234656365356463366364383833306437
63303638363234343339633435336663633432326164356365343131623938306464623365383036
37653931373237306439373362646635626533626264383730633239666232306132303336636661
33356362666261653464653335306338323734663237393834386263663937633137613736306563
31303862343063643932313539326464616630613738363965383564396437393362333566363462
39353134396362366639393330356436636664303537336138643735646539333738623237393232
66383761333032613230383137386161613236613131646666663538656231323837356434636230
37363139343230373364303939623566373132323233653263616461613834663463646232646238
61363537396134663436313163363664343738376365616331323063306431383261323462393839
65353764633934623433373464353434623734393165373039666235336131306630313030303264
34643062653063626231346139323735336234653038656461663166303263373863363233653531
32323536633563326633363966653664643134303032613334666666613961656239623866666264
38376238663963383030393366353330343062613332626339303437623937376433316432636439
31613334646634386564616433333466326263633633636538623437313533353463306339326131
38373163643465306161376361343132353939626366666339356536306262653965643434383564
36616530626138663833663133373232313135323763323132333864313336303335356634653261
38643764366237636238643561366437643966333733333864353336613034636162646539323933
34656566656533663461623337633139663533636666643339663965633965653136383338653265
64346138356664393466336366613531353432386564613262623266316666333563643832376437
34393661353438396236323865303935663561393365363733646662376632383262653366393465
63366632343737616163626533313437393264383163636638336230333337316165323236376366
66333461343363386237643463366466636631363135346133666432363334343638666462666461
38366434643338396261643033363137303837366162363536326431376337306537353837643366
38356431313766376138376630393263333433373739653863666333316363303863396634316264
38646336613232666362313636633363373239306338393863393063623737306138306437323539
30656437323032343130383731383336633366633830643563656162306265643831343766303834
66653063336335323035383365636537323461303666303331343762653834393836383439303932
38616635613137346437643562336135646334623461353466623932343031333730376534366536
31316662663233363833393964393962363131313139346639363064346631313761313865613735
34633539633562316339653630616564343166343234646331393135336361636631316533613166
39623065616261326539613039636262376438343739653766626364386630376435333730343137
33386435376561346532393739353066336634616432653339666334393265613162346562626139
39386235623630323232353161636461633966393531393064343036363436316130313265303862
38326335653331653437316230303064653666643634353738363363653235626638376638633031
36363262623838653364383634653539366361363734373766376531653032613765383966613765
38633338313263346333333130366461386132373332366466373564626261633536313730366166
62346431333238346261393961376639303866373063613865616630626139343035633633613035
38643630316439656239303264303531346264393563653632316332633731333231306231313636
32313535623637383030303439363336343362323162353938613433366436653831646534643466
37636337356364653138373238336537316233616564636630333737373636383138303334633733
37643035646563653535363365633963396462353734356339326332666431316136303033323837
65653230303366346338646461323461343166363062333361663731383035333865306336616662
31323861323636336632653663313636363263313561303139323137646438363437393438623932
66646339626566303136653862343930616435313865646464326565303763333163623233653263
32343337656531323534373139666666653764386163393937353065386239326130653264366437
33613338366563666531616333386236386165326165323833646339396331386230333139656462
64353837646666373836366566386163383464643033336235616437393031643631363335623430
37396134346236383161356665663633343134646462386364656530396363393530386663393662
61386662366331363636326231323865356431373663356237376466336362626266636634383030
63396136386434316333616463326530313430326163313662363136396238653564633433623738
30643165393965386533356161393034323932613237653730643731643966656461363062323632
30303766646137363831353137326465313734633438386639666130393539643161313665333366
63363661313436393466643830643265393833633765633130663536336431323538393836376331
30393738343366656438303430643664346434303932383930646630306133396536636232393738
66613838386538373531386235636264333235663061616235613032326136333238336130616432
35346533323962336661373662313138636232343766343638306330303137303439613330666563
64666532636362623362636332653831373831663565313535323630333666333432303938306362
38336539653237636439643431386435366462636339343761393161363934383761666136623434
66373162623334636266373831316562376566653064653636653066326165376462386564373163
34326664316165643363373764336262363634313061393762643432373036303934636636613833
39333336326661663532306236316665346265346666333130306530643235663366356161663533
36303130653836663663313364383562633731623564343239333932323232646566336331643134
63616463633862666538306334353563373830666334643265303533313334333736353331323365
66336661376638356536386163663731666630623066366334613266666133336634343533326538
30336132346133626163633134303238653532343335333436636461313766383565643039353734
64313734303039303935323265303064396366356166393834356332613834373033663561313439
34353338323763666131646631643563633863363763623433333738396361353235316233396436
32336362616435363832623465333862343235313661613866356330653238313561303135353662
35623735316231323233383730313230613466323636356530613331313566353165356362633963
35333466623039303332613765323730333935663737616265346132633861393366366230653930
62306439393232656364356633313139383766653265376561326662626565636438666438386232
32653333393538306562303837646265363764613335646637633763326330383765643236343039
37656637333065303637363935353936663261346631363039613536356262383132653939633633
38306433313230353937363466643634333036666362366564313130336335323261373238666535
39366332636335623939396637663762663333656335323533663230656266316534616664313762
31633166303062313535396165363039386237613562643563393564373238646337323831313637
64616336646431363836326236626433316461646338633333353636666335653663623338613561
36613336366135363665663462393362306534383066353336326636323736346537396530376236
39646261373834653531313934613137383166383139306531323534356334623063303833333731
61323136633066383463363533666363363635326139336164396165363739353736346431366361
63376339343063616338646462643463386231333033346636306261313032393766306163353062
6661
